100
10
6 33 22 78
52 4 61 99
12 72 51 98
65 2 66 33
38 13 64 64
16 55 47 96
18 4 55 18
60 20 90 44
42 2 43 97
72 59 86 98
1
1 100 100 100
10
24 2 61 34
82 1 95 14
67 39 95 59
9 3 9 98
42 28 77 32
21 49 52 62
20 2 22 97
35 3 45 98
26 56 60 79
14 27 20 32
10
2 52 37 54
53 5 65 80
38 26 74 34
4 41 40 69
52 74 90 78
45 22 52 82
7 5 42 27
25 39 44 96
50 96 86 98
24 29 58 65
10
50 62 78 95
15 50 50 72
35 43 63 52
73 4 81 38
53 2 58 97
78 11 90 51
24 10 61 13
88 4 93 99
74 44 81 52
52 36 74 40
10
41 51 68 65
12 4 31 70
9 42 48 81
7 94 45 97
48 39 58 63
22 84 35 86
65 10 87 12
14 43 44 65
60 35 89 63
64 43 93 92
10
50 3 54 98
2 14 2 47
33 33 60 48
8 21 42 49
8 6 14 21
77 35 96 67
78 7 92 55
86 88 99 89
28 53 66 77
17 2 19 97
10
67 26 76 65
49 11 85 51
79 2 85 97
61 40 82 53
46 68 63 86
77 11 91 86
69 49 89 95
65 37 89 60
26 13 48 15
70 3 74 98
10
34 83 42 87
37 1 41 96
23 6 55 50
13 17 43 61
44 76 71 82
33 53 52 75
13 7 40 39
15 45 54 76
36 4 49 99
30 31 53 86
10
76 41 99 97
6 12 23 47
30 13 46 37
9 4 16 99
53 65 77 66
66 4 69 99
5 2 12 97
27 27 38 96
81 4 93 99
93 68 98 91
10
41 50 63 59
54 46 81 46
69 3 87 36
21 3 36 98
37 46 65 56
85 3 91 98
89 2 95 94
15 6 49 45
46 35 66 86
30 53 53 80
10
70 70 90 73
42 7 61 8
65 12 68 66
77 15 81 43
84 3 86 98
29 4 35 99
68 18 71 77
27 41 48 59
25 7 59 44
46 17 76 26
10
37 61 57 65
60 3 64 98
11 79 42 90
18 1 25 96
21 4 26 99
36 3 40 98
16 39 49 55
28 25 44 56
13 31 38 72
34 72 70 90
10
19 12 58 39
5 28 31 33
23 42 56 56
5 44 41 46
42 11 66 46
30 66 48 89
7 4 15 99
48 14 82 29
74 2 81 39
6 59 42 73
10
15 26 37 29
50 18 55 63
63 49 84 83
27 33 31 48
28 7 62 12
22 14 31 98
27 48 63 75
60 32 69 91
50 18 58 68
70 22 87 73
10
32 44 58 57
29 29 57 71
54 23 80 23
15 3 53 13
69 79 77 80
49 40 65 61
23 30 48 52
68 25 82 97
32 1 38 96
36 28 43 35
10
54 17 87 60
15 35 31 81
2 1 13 96
20 1 25 96
54 1 55 96
43 25 62 68
71 10 90 84
67 3 67 98
12 2 30 17
13 35 43 41
10
25 9 57 26
71 2 72 97
37 11 47 35
15 80 54 99
35 3 44 89
27 57 60 61
19 3 28 98
72 1 80 96
35 9 63 13
60 3 61 98
10
1 13 6 13
6 3 6 8
21 3 21 8
1 23 6 23
1 3 1 8
11 3 11 8
1 18 6 18
1 8 6 8
16 3 16 8
1 3 6 3
10
16 56 46 84
56 2 81 42
64 26 88 77
20 62 41 71
56 4 65 99
45 4 51 88
46 61 72 85
71 45 79 78
50 42 85 62
31 56 56 94
10
12 8 23 70
46 23 68 87
12 11 26 98
40 3 62 70
85 3 90 98
12 16 36 72
45 14 62 77
50 28 53 92
3 45 16 69
37 25 63 77
8
12 2 15 5
9 11 12 14
9 5 12 8
18 2 21 5
12 8 15 11
18 8 21 11
15 11 18 14
15 5 18 8
10
52 46 75 47
23 70 44 98
35 5 63 57
57 39 95 47
17 41 39 83
39 53 75 94
62 84 95 89
35 57 51 74
14 24 35 90
31 32 67 57
10
41 4 46 99
27 33 48 81
44 6 54 95
18 39 31 84
34 3 40 98
26 12 58 45
34 5 60 42
40 12 69 54
7 71 20 78
48 4 50 99
10
28 25 57 73
36 76 70 97
7 91 43 96
35 13 62 25
68 27 83 96
38 4 38 99
31 51 52 75
65 8 71 85
52 66 88 84
57 74 83 91
10
44 39 76 53
46 1 52 96
36 83 65 85
65 5 89 37
39 13 64 36
19 3 31 25
61 30 78 97
64 29 81 71
67 51 78 63
62 40 90 93
10
24 20 44 68
33 32 72 55
16 49 53 86
63 18 99 53
49 1 53 96
3 23 25 87
42 3 68 13
63 15 82 70
16 7 28 78
61 31 98 43
10
8 71 47 87
64 42 98 86
10 2 10 97
59 47 88 92
14 11 26 33
30 17 31 60
13 14 42 64
34 20 48 77
8 9 19 92
68 88 95 91
10
33 50 64 69
47 33 76 71
29 32 67 42
59 3 60 98
4 4 6 99
42 47 81 64
96 4 97 99
84 1 90 96
8 1 9 96
81 76 93 87
10
69 1 71 96
32 3 36 98
37 15 59 68
50 58 65 95
38 6 55 84
40 69 70 88
20 2 20 97
6 3 10 98
29 52 66 65
59 51 74 77
10
51 15 72 31
15 7 46 30
61 8 95 40
50 14 63 18
38 21 57 85
1 70 38 89
50 11 70 50
19 45 44 88
66 4 76 27
36 50 58 92
10
59 5 76 89
44 18 64 28
30 46 41 88
42 4 44 99
4 43 6 90
42 61 67 97
25 30 45 58
9 7 31 58
56 40 95 78
68 1 90 48
10
33 13 61 59
11 33 50 61
43 3 46 98
16 59 51 95
72 1 78 96
24 2 26 97
55 43 94 77
70 15 91 37
1 3 12 98
3 36 40 50
10
47 18 79 54
48 21 67 58
43 36 62 90
52 5 64 46
27 3 32 98
49 12 79 43
18 52 53 93
35 4 39 99
36 42 73 73
91 1 98 96
10
50 24 75 76
74 61 90 72
24 95 32 95
64 76 83 86
53 69 86 82
15 4 25 99
81 2 84 97
63 1 75 96
25 42 48 88
49 42 87 47
10
60 2 60 97
45 66 61 87
80 2 84 97
31 49 69 53
59 6 86 30
16 8 24 11
50 35 82 64
53 79 82 96
2 1 2 42
65 4 75 99
10
5 52 44 76
58 4 61 99
8 11 16 65
61 19 85 41
55 70 84 85
21 20 27 81
30 54 43 96
37 21 59 51
10 68 37 72
40 3 43 98
10
4 30 37 68
7 43 32 98
39 54 75 86
20 1 25 96
37 3 45 98
21 7 34 61
19 44 44 47
63 73 97 81
32 53 67 60
58 5 75 80
10
16 2 21 97
97 3 99 98
25 33 47 90
7 20 43 60
19 27 46 42
81 2 81 97
63 11 81 76
57 5 84 47
46 50 85 87
38 26 64 78
10
78 29 96 84
55 3 59 98
26 37 49 98
60 4 93 50
1 15 18 70
56 55 68 90
36 34 59 40
59 3 66 98
63 13 98 42
64 2 74 97
10
53 9 63 24
52 39 91 56
29 19 60 32
86 40 98 90
22 68 51 89
26 10 57 53
2 35 40 41
69 42 92 68
5 3 9 98
8 18 30 80
10
14 2 18 97
90 9 96 52
82 1 85 96
67 1 68 96
36 1 41 96
28 2 34 97
13 15 46 15
69 71 80 71
54 77 83 87
66 30 88 98
10
61 61 96 66
16 37 44 38
4 2 10 97
94 2 96 97
35 81 62 84
65 12 94 51
62 69 97 73
78 9 96 31
47 15 62 74
77 1 90 96
10
20 1 28 96
21 30 57 72
11 30 47 63
59 44 93 73
63 22 89 36
78 56 97 92
67 4 72 99
36 51 62 72
3 32 22 45
16 1 25 96
10
22 70 22 87
18 77 35 77
55 74 55 91
53 73 53 90
51 74 68 74
98 22 98 39
44 28 44 45
96 30 100 30
42 79 59 79
40 35 57 35
10
45 10 63 35
73 34 99 63
58 67 80 98
61 42 67 93
34 6 67 38
5 4 11 99
74 4 74 99
82 21 96 55
76 41 93 82
58 69 79 95
10
6 3 9 98
26 4 30 99
21 3 47 53
6 3 13 98
62 12 94 15
65 1 72 75
35 28 59 35
41 25 60 60
46 66 59 71
4 3 7 98
10
90 1 95 96
7 1 18 73
5 43 44 64
20 52 52 86
27 29 47 35
56 3 60 98
3 2 6 97
83 6 85 88
15 13 30 90
34 16 66 20
10
1 40 40 72
64 70 84 88
71 4 83 99
52 1 55 96
13 36 52 39
25 59 58 95
30 38 66 60
46 72 72 77
36 2 37 97
62 52 97 65
10
53 68 86 75
17 36 28 56
28 5 44 90
67 28 86 83
42 55 59 72
56 4 78 71
39 36 70 72
37 1 48 96
9 23 25 64
41 54 46 90
10
26 17 37 75
61 38 97 39
45 13 79 49
24 51 60 56
9 58 26 81
89 4 96 99
8 62 41 88
68 87 98 91
63 47 71 96
7 16 18 92
10
27 10 41 99
67 9 83 78
42 27 71 56
85 4 86 99
6 59 31 77
30 48 62 85
62 4 72 99
53 54 85 93
3 2 5 97
29 26 50 31
10
9 82 44 89
18 32 49 40
1 3 28 18
58 1 64 96
97 52 98 86
8 22 30 76
3 4 8 99
3 1 12 64
65 65 89 84
40 60 75 78
10
41 44 59 94
27 5 66 20
24 10 50 63
70 3 82 98
51 62 86 75
12 64 29 74
11 41 43 86
29 2 45 57
13 3 18 98
17 14 30 63
10
4 71 34 99
68 62 97 83
30 12 56 57
42 3 51 98
87 2 87 97
43 23 72 66
50 2 62 97
34 43 39 96
7 97 45 98
55 15 85 51
10
45 71 66 92
54 11 70 97
44 60 66 87
84 4 89 99
58 4 59 99
73 3 83 98
82 3 86 98
25 10 31 97
76 40 93 41
62 37 91 80
10
49 27 75 45
39 2 41 97
55 29 68 70
32 2 38 97
14 55 28 71
75 2 82 97
45 15 54 72
42 85 61 92
29 62 55 86
28 4 32 99
10
29 67 68 95
50 23 53 50
75 61 97 75
66 48 66 80
84 13 99 85
9 2 19 97
5 3 17 98
15 28 29 91
54 4 58 99
50 4 82 45
10
35 82 63 82
10 60 47 68
43 30 76 55
29 56 55 99
66 20 66 90
45 4 45 99
65 43 79 99
29 11 56 16
48 54 65 77
64 34 87 49
10
63 10 84 41
66 1 71 96
7 4 7 99
7 42 32 79
44 1 69 13
24 27 52 69
3 61 35 88
51 16 66 80
90 17 97 68
4 2 4 97
10
52 4 59 99
65 53 84 74
42 38 69 47
59 29 66 52
21 55 49 89
42 26 70 58
82 10 90 82
42 3 61 60
31 15 44 52
14 5 29 95
10
70 2 94 55
40 65 74 93
57 39 81 49
4 20 35 25
19 16 21 43
16 60 46 66
69 52 90 81
7 79 16 94
64 10 99 35
7 41 41 58
10
49 46 61 65
47 49 53 65
4 8 36 48
55 3 71 91
12 50 48 90
52 11 66 93
17 2 36 73
59 26 91 34
82 47 99 80
5 3 9 98
10
45 60 66 95
2 1 31 31
56 3 61 98
49 2 52 97
39 69 41 99
39 45 53 87
80 2 86 97
30 51 40 87
16 51 34 89
47 46 57 89
10
87 4 90 99
30 24 49 94
16 1 23 96
13 14 44 54
75 26 96 37
47 16 68 37
44 78 76 78
34 2 34 97
4 19 32 41
19 63 53 76
10
53 6 84 43
20 11 36 79
62 44 92 71
88 4 89 99
12 57 42 94
53 11 82 60
46 13 83 47
39 22 47 79
21 39 46 78
48 9 69 36
10
12 52 26 73
46 4 46 99
6 3 13 41
68 11 81 93
47 3 56 98
65 5 84 44
50 1 60 96
71 25 94 40
50 3 52 98
40 3 41 98
3
2 3 2 4
2 2 4 2
5 1 5 1
10
41 3 51 98
50 56 68 64
59 4 63 99
8 64 31 69
51 3 63 98
3 11 25 52
31 16 37 82
51 7 70 80
74 1 78 96
45 56 77 60
10
33 68 67 89
21 52 48 72
37 7 68 31
37 75 64 78
57 11 68 86
44 62 51 78
33 13 54 52
70 11 97 60
11 81 47 94
43 11 70 58
10
24 74 54 88
33 24 69 33
9 98 28 99
8 13 38 57
53 45 87 69
21 43 53 55
6 4 9 99
15 13 32 73
35 4 39 99
41 21 52 63
10
33 36 51 93
43 29 73 55
46 55 83 77
32 58 68 93
23 28 62 51
24 3 35 98
59 20 83 51
58 79 70 86
42 45 81 69
34 68 72 96
10
86 77 86 77
1 89 1 89
19 25 19 25
58 77 58 77
42 24 42 24
62 12 62 12
83 6 83 6
26 94 26 94
69 47 69 47
29 82 29 82
10
7 1 10 96
5 9 26 62
46 8 55 31
52 84 90 98
59 71 85 93
25 12 31 98
14 26 42 47
20 2 30 97
57 43 87 92
10 57 45 85
10
63 40 82 41
16 22 43 77
25 4 33 99
6 13 20 60
85 2 98 96
60 17 83 26
60 8 93 53
87 53 99 94
30 70 49 75
22 9 41 72
10
36 4 37 99
45 48 73 78
42 37 60 95
26 27 53 41
31 12 37 83
67 48 96 48
27 10 62 10
57 65 61 68
34 3 48 98
20 3 24 98
10
50 12 80 51
80 12 99 23
28 21 38 85
40 58 69 90
38 26 61 45
10 22 31 91
82 53 91 82
16 42 34 73
7 58 25 92
24 37 55 49
10
50 2 70 5
49 58 82 97
37 13 42 69
44 13 56 81
51 19 74 63
69 2 80 97
57 52 96 83
45 3 47 98
58 12 76 68
35 8 69 36
10
52 56 79 88
70 42 96 87
46 38 59 72
44 73 82 95
14 53 49 69
11 2 23 74
39 1 77 25
15 34 47 41
55 23 93 47
73 20 91 29
10
23 36 50 62
37 17 73 32
27 87 55 87
21 45 31 62
70 14 83 82
66 41 85 79
58 4 73 99
3 10 31 32
72 22 87 99
77 28 94 98
10
63 55 79 69
10 53 21 94
28 10 57 61
9 14 32 64
63 11 92 38
62 22 88 42
39 56 62 92
68 53 88 80
17 9 51 53
43 38 82 49
10
42 57 53 76
38 3 41 98
45 18 63 69
13 48 52 63
39 48 59 97
6 62 42 88
43 63 68 84
67 19 82 76
79 52 97 80
50 6 60 86
10
49 9 61 93
33 81 43 94
43 4 47 99
23 53 53 80
24 5 54 28
63 59 94 96
82 48 97 85
41 29 48 40
8 3 8 98
11 45 29 87
10
61 1 71 82
59 37 80 93
53 63 92 96
36 5 59 65
12 81 39 97
65 52 85 94
72 21 85 65
44 31 66 42
77 18 97 75
8 63 41 80
10
27 2 29 97
2 23 33 45
65 8 76 89
69 46 97 88
67 42 99 82
82 2 83 97
60 47 74 72
34 81 63 86
59 11 86 40
53 70 83 82
10
49 4 55 99
4 1 6 96
25 43 52 69
12 52 50 63
10 31 26 93
32 21 50 35
76 4 81 99
36 34 52 39
59 11 75 52
13 4 30 85
10
21 1 27 96
75 57 91 82
11 40 31 93
25 29 34 72
26 2 42 51
36 3 36 98
38 54 63 69
61 11 88 59
15 4 16 99
33 24 43 62
10
23 4 28 99
5 65 33 79
3 3 29 56
44 12 83 36
17 3 25 98
35 4 45 99
32 19 53 64
15 37 30 81
16 8 54 45
31 30 70 63
10
10 3 12 98
51 12 82 15
16 50 30 53
26 4 30 99
71 4 77 99
91 4 93 99
55 51 89 66
27 5 32 82
90 4 94 99
12 4 15 99
10
46 16 74 26
43 54 75 71
66 7 74 33
25 7 32 95
53 3 61 98
3 52 31 87
65 49 86 58
38 11 47 99
87 1 95 96
19 52 40 95
10
26 1 45 76
15 3 19 98
71 42 99 85
17 41 41 66
42 76 72 79
8 25 39 69
2 15 26 74
58 7 81 38
70 4 72 99
19 90 38 95
10
53 18 79 48
71 3 79 82
22 3 47 59
13 78 36 86
83 15 97 43
54 4 56 99
50 8 81 42
63 81 86 90
56 42 88 88
49 68 78 89
10
30 70 58 73
19 3 30 98
52 77 72 84
9 19 25 46
36 40 56 76
20 13 34 26
57 1 64 96
7 14 23 87
10 10 13 45
49 13 66 62
10
62 33 74 77
19 91 32 94
43 36 62 63
43 35 44 51
27 24 63 30
21 19 33 91
47 42 74 68
54 12 69 94
45 53 81 75
38 50 76 83
10
9 48 41 80
1 26 11 38
48 30 81 30
74 31 88 44
71 18 94 67
36 65 59 67
83 37 98 62
75 38 76 76
55 15 85 19
46 71 81 73
10
39 30 78 60
28 44 52 57
60 18 82 52
54 64 92 72
23 22 46 65
13 20 28 96
58 1 64 96
39 54 67 58
32 7 66 35
64 49 99 83
10
76 34 77 42
56 54 87 71
24 19 32 87
68 66 98 71
58 9 89 38
58 1 61 96
63 35 92 61
3 55 28 79
30 23 68 49
5 41 38 42
10
31 3 39 98
1 6 26 33
13 9 35 34
16 40 48 87
3 11 39 44
2 1 17 66
64 1 73 96
43 5 62 73
8 27 46 41
15 1 29 75
10
29 73 63 85
41 58 80 71
18 44 27 91
43 16 76 42
2 7 30 58
73 21 89 72
66 14 67 98
40 1 54 96
1 20 36 25
56 49 84 70
10
36 32 57 50
42 2 48 97
14 66 50 89
12 1 21 96
51 16 70 39
7 40 39 84
60 27 94 70
36 7 73 48
55 88 89 93
22 50 28 91
