50
4 6 4
1 4 2 1
100 10 1
1
5 5 10
2 4 2 3 4 2 1 2 1 3
1 1 1
1
100 2 2
1 2
1000 100 10
4 3 9 1 2 5 6 9 1 10
1 10 10
4 3 4 1 2 5 6 9 1 10
1 10 9
1 1 1 1 1 1 1 1 1
1000 10 9
1 1 1 1 1 1 1 1 1
934 9 10
8 8 8 8 8 8 8 8 8 8
734 3 10
1 2 3 3 2 1 1 2 3 1
345 19 10
10 10 10 10 10 10 10 10 10 10
765 10 10
10 1 10 1 10 1 10 1 10 1
1000 100 10
10 10 10 10 10 10 10 10 10 10
734 20 10
1 2 3 4 5 6 7 8 9 10
631 16 10
10 9 8 7 6 5 4 3 2 1
4 8 5
8 7 7 2 5
4 8 8
1 8 6 8 2 3 7 7
4 12 8
4 3 5 6 6 5 6 5
2 11 9
9 3 6 1 10 5 8 4 5
691 7 10
3 4 3 2 4 5 5 6 6 4
784 9 10
4 5 3 7 5 1 2 9 2 6
731 10 10
7 10 9 10 8 6 2 5 8 2
710 14 9
10 6 9 5 7 10 6 3 10
8 28 10
4 2 6 6 7 4 4 8 2 3
9 26 10
2 5 8 4 6 4 4 3 2 8
8 21 9
4 3 9 4 10 2 5 5 9
5 29 9
8 2 7 5 8 3 6 4 2
50 10 9
8 7 5 5 8 8 5 6 7
203 19 8
6 8 8 7 5 7 6 7
150 17 10
8 6 5 8 7 6 6 6 9 5
234 22 10
9 7 9 7 7 5 8 5 8 8
477 48 8
5 8 6 5 6 6 6 9
332 24 8
5 7 9 5 6 6 9 8
545 65 8
9 6 5 5 9 6 9 5
787 50 10
5 5 6 9 8 7 8 7 7 8
622 39 8
5 7 9 8 8 5 5 9
57 69 6
7 9 6 9 6 8
45 44 5
8 7 8 5 5
164 4 5
4 4 4 4 4
919 92 9
5 6 6 6 9 7 6 8 8
856 52 8
5 7 5 8 6 9 5 9
325 59 9
6 7 5 6 9 9 9 8 6
457 90 5
7 9 6 8 7
57 22 8
8 8 8 8 5 9 9 9
99 40 5
9 7 6 8 6
353 78 6
8 5 8 8 5 7
645 29 6
8 6 9 8 5 5
588 88 6
8 8 7 7 8 6
42 37 6
7 8 6 6 7 8
