10000
4 100
5 52
10 19
4 4
2 9
7 20
9 62
10 94
3 75
1 44
9 46
3 57
8 12
10 63
9 52
1 11
5 87
10 93
8 53
6 68
1 22
1 64
5 11
9 54
10 63
4 44
10 83
5 78
4 68
5 83
10 7
1 18
1 79
6 61
8 12
3 96
10 32
1 50
8 30
10 18
7 12
9 58
7 9
3 98
6 11
10 17
8 46
2 48
5 26
3 73
5 48
7 92
10 52
2 66
10 25
9 12
8 52
8 50
7 33
9 76
4 30
2 23
5 8
5 71
1 19
2 29
9 20
9 96
10 89
10 70
6 26
7 66
1 6
4 64
7 27
8 65
2 56
5 57
7 44
8 95
2 72
7 32
2 37
7 13
3 61
5 85
3 55
8 8
9 12
10 14
10 76
10 37
8 25
3 88
5 66
4 95
7 51
3 74
2 69
5 27
5 44
3 12
9 74
8 100
6 24
10 7
3 94
3 4
5 26
2 80
2 0
8 77
5 35
6 10
1 71
6 92
9 97
2 57
8 34
6 14
9 77
10 27
8 76
1 1
9 79
10 81
8 36
2 90
10 55
10 21
10 31
10 100
10 69
3 96
3 52
10 69
5 21
3 77
6 72
7 20
5 76
9 7
2 31
10 88
2 86
7 23
4 14
8 79
8 78
2 67
5 50
10 19
5 5
2 73
7 16
4 57
5 64
2 42
1 67
7 95
10 45
4 12
3 45
6 41
7 95
1 1
7 95
2 79
5 53
1 30
9 15
4 25
6 8
8 17
4 20
8 75
3 16
3 86
3 69
4 71
7 16
6 36
1 80
6 93
10 3
2 99
8 6
2 44
6 32
7 73
7 87
10 37
6 15
7 14
5 89
4 9
8 77
8 66
4 49
4 48
1 4
6 24
2 26
8 27
8 95
10 40
6 3
6 7
1 93
1 85
7 3
4 49
10 49
8 3
8 52
6 25
7 20
3 99
4 96
1 57
9 27
8 14
3 89
7 99
6 56
9 60
4 75
3 4
10 63
10 66
5 49
1 89
1 33
8 84
10 15
2 52
10 33
9 99
10 95
3 23
9 10
3 95
1 98
9 55
10 58
9 26
5 32
10 80
8 33
5 72
9 28
4 86
2 51
5 96
9 65
2 48
8 95
8 38
2 45
5 70
4 66
4 63
4 81
8 47
4 96
2 71
9 27
4 63
7 66
4 69
1 1
1 3
8 67
5 42
10 38
1 55
2 27
3 38
3 95
10 21
10 45
9 4
2 85
4 97
8 18
2 59
1 29
7 22
6 19
1 0
8 72
10 19
5 69
10 19
2 83
8 74
4 47
1 33
6 74
4 29
7 95
5 49
8 66
7 55
3 46
5 9
8 52
3 32
6 88
1 3
10 94
2 35
9 87
5 18
8 76
10 81
2 2
10 99
2 88
7 30
7 63
8 91
5 50
6 81
5 28
1 22
5 47
2 43
7 31
3 87
2 50
5 7
6 85
8 68
7 56
2 44
6 93
9 46
9 69
10 38
2 29
2 88
7 73
7 25
10 7
7 5
5 86
6 79
7 78
10 8
6 41
3 33
7 33
1 1
8 65
10 37
2 56
1 10
1 9
3 29
3 51
1 52
9 55
1 15
6 28
4 12
9 19
9 1
5 9
5 54
8 32
3 91
2 96
6 6
4 85
10 31
4 31
10 33
7 55
9 64
7 46
7 10
6 49
6 15
5 31
1 81
1 69
7 17
4 100
4 62
2 86
5 7
1 5
3 13
8 18
4 41
10 58
2 45
6 88
4 53
3 87
9 31
3 24
6 63
2 47
5 28
3 74
5 34
10 76
1 79
8 0
8 23
7 31
6 35
1 28
5 41
9 2
2 32
8 37
7 5
6 80
9 14
4 15
10 61
9 77
10 27
2 91
9 31
9 10
8 61
6 28
4 29
7 68
10 66
2 20
2 68
1 39
5 79
10 75
4 16
6 2
8 83
6 40
7 11
10 67
9 62
5 69
6 76
5 61
7 75
3 72
6 26
7 1
3 77
8 5
5 92
9 34
5 54
3 91
2 49
4 24
10 28
5 52
10 85
7 68
9 14
3 88
5 39
3 26
4 5
10 10
6 85
7 0
8 55
10 36
2 41
6 23
1 82
10 97
4 68
5 8
9 22
2 64
4 17
1 95
9 20
9 48
1 63
10 35
9 7
8 44
3 84
3 95
8 55
6 36
8 77
6 58
4 95
2 78
4 62
8 30
5 95
3 100
9 18
9 4
9 42
3 8
4 32
7 20
8 67
10 31
5 61
1 25
3 95
9 26
7 9
4 18
4 22
4 10
1 89
2 20
7 24
8 1
8 37
2 71
5 19
6 77
7 65
8 52
9 25
1 87
3 53
1 71
3 51
1 71
10 42
6 41
1 13
4 72
4 19
3 53
3 36
3 48
5 99
1 18
6 11
4 56
2 6
5 68
7 16
1 43
8 57
6 58
1 88
2 73
10 22
5 10
1 22
4 27
5 50
2 1
10 61
3 3
7 100
10 72
1 18
1 43
8 83
10 9
6 23
8 52
8 45
8 11
5 16
5 2
8 50
8 93
7 88
1 39
4 54
7 64
10 67
7 26
7 90
9 7
8 26
4 26
3 50
10 26
3 38
1 90
10 18
6 38
4 74
4 21
5 17
10 72
4 65
9 35
9 0
7 27
8 41
10 81
3 68
4 37
5 47
3 8
6 11
5 89
7 0
4 6
5 78
6 75
5 95
5 45
8 3
7 6
1 87
8 86
5 87
9 98
5 96
5 63
9 99
4 50
1 20
8 53
5 95
8 64
8 23
1 25
5 47
9 4
3 22
7 17
8 31
1 3
10 21
3 31
7 100
10 55
6 95
3 91
5 72
3 9
6 19
5 83
8 70
2 46
1 55
2 10
10 31
4 68
7 8
6 10
3 79
1 100
8 58
7 39
10 66
10 18
9 100
9 43
6 90
10 18
1 48
7 69
7 63
9 61
1 4
6 54
6 78
2 48
8 69
5 94
10 12
5 26
8 35
5 89
10 96
9 30
3 36
3 46
5 56
1 9
6 39
4 66
8 45
9 60
3 19
7 95
10 51
8 35
4 100
7 86
2 68
6 50
5 88
6 2
7 29
2 59
8 11
7 27
7 52
1 13
4 40
10 43
1 94
9 6
4 71
8 67
4 53
9 40
5 2
8 48
10 76
4 87
1 6
9 37
9 90
1 8
5 24
1 3
6 67
9 61
9 99
4 52
5 32
7 79
1 35
8 34
9 25
4 59
6 81
10 47
10 15
8 32
4 44
9 42
2 0
3 47
3 93
7 11
9 52
9 25
7 31
7 12
6 70
10 1
6 63
5 33
6 12
10 95
1 56
4 2
2 81
4 84
2 97
3 80
2 85
9 60
9 93
10 17
2 89
9 48
4 38
9 78
5 85
5 21
9 2
4 83
6 38
2 50
2 23
6 71
2 75
8 45
1 21
10 45
6 39
10 13
8 15
4 12
8 100
2 71
10 99
7 4
2 95
5 23
2 94
8 74
10 3
1 7
2 47
8 77
4 28
3 21
9 13
2 59
6 76
4 95
1 31
4 12
2 38
10 10
1 35
7 38
1 88
6 73
7 35
3 47
7 15
1 74
3 67
1 59
6 37
1 65
3 51
2 5
4 71
10 90
1 7
8 99
5 17
1 66
6 9
7 73
4 78
4 39
7 2
6 97
6 37
10 52
4 8
10 6
1 63
9 1
1 44
9 84
8 11
9 48
5 23
3 83
3 69
4 33
9 18
8 47
2 95
6 91
3 22
3 94
8 19
8 67
3 1
9 68
4 81
6 83
2 93
4 50
8 41
2 18
8 30
8 48
10 45
9 81
2 2
4 69
9 81
7 97
6 28
7 69
7 88
5 7
8 73
2 98
10 79
8 42
7 39
5 20
1 23
3 31
5 43
5 2
10 20
6 53
6 83
1 68
2 52
9 3
4 100
8 18
5 76
7 77
4 73
6 89
7 64
1 2
10 56
10 62
4 14
8 76
9 5
3 11
4 81
4 92
2 83
5 30
6 0
7 45
9 82
8 36
1 30
3 97
3 12
10 77
8 69
10 25
4 21
2 82
8 34
6 16
10 38
5 47
8 46
4 43
4 53
6 37
6 87
7 68
6 39
3 77
7 100
4 8
10 22
1 20
7 11
7 82
9 0
7 28
10 28
7 18
7 27
9 85
4 9
5 79
1 30
8 53
1 88
1 88
7 69
1 68
8 54
3 29
1 32
8 90
6 71
8 12
9 39
2 44
5 44
7 26
4 4
3 58
3 74
8 94
8 64
3 89
10 65
3 67
9 92
8 50
2 63
8 20
2 64
6 13
3 82
6 91
4 92
5 2
2 94
9 39
8 25
1 32
8 41
3 94
10 58
3 26
2 84
9 25
1 25
8 1
4 39
9 43
4 1
10 95
3 28
1 21
1 94
4 79
9 50
5 53
1 66
5 1
7 55
5 60
10 45
7 23
4 75
4 11
5 79
7 87
10 67
10 65
10 34
4 60
1 4
3 25
7 1
8 91
2 42
1 46
4 63
3 17
8 59
5 59
2 96
2 78
3 0
6 46
2 1
1 97
8 11
8 88
3 29
3 89
10 97
2 31
4 53
3 60
1 7
7 24
7 69
8 93
2 68
1 91
3 1
3 54
1 3
4 99
9 56
3 67
10 24
4 13
8 76
8 42
5 7
1 81
2 50
8 63
2 31
8 6
4 68
3 16
10 63
5 15
1 96
9 21
4 38
8 61
3 6
4 89
9 59
2 87
1 49
8 45
4 34
8 92
2 66
7 45
8 42
9 33
7 28
6 53
2 7
1 4
7 75
8 51
8 40
3 31
3 57
8 79
6 13
9 12
10 22
10 21
8 10
1 24
2 54
7 4
4 32
4 13
10 12
9 41
5 48
2 64
3 60
3 95
6 7
9 31
7 9
6 39
8 89
1 75
4 7
8 84
7 93
8 71
7 74
1 2
3 37
4 66
2 9
5 76
8 100
9 61
9 1
8 99
7 20
7 0
9 95
6 72
1 13
4 53
3 60
8 38
3 66
2 45
3 4
2 7
10 57
2 25
2 94
4 80
6 96
5 2
6 86
3 40
7 97
5 15
9 57
10 47
5 68
7 30
5 92
3 6
5 32
8 57
6 74
5 86
4 100
9 100
9 75
7 72
2 85
1 41
2 59
2 55
3 77
8 33
5 90
5 41
8 60
1 56
9 80
2 77
2 92
10 52
5 16
1 18
4 48
6 75
6 27
8 12
5 76
8 7
8 40
4 70
3 53
3 53
8 41
5 68
6 67
5 41
7 25
1 23
4 39
10 5
4 54
3 71
9 66
9 3
6 45
8 92
7 15
2 18
8 100
5 43
4 30
7 97
6 1
6 11
1 97
5 34
1 57
4 63
3 47
8 71
4 35
7 2
2 2
10 82
7 97
5 59
2 17
10 19
9 2
3 28
2 26
2 81
3 49
9 65
8 50
5 29
8 52
1 74
7 32
7 70
8 72
10 11
1 96
2 98
9 71
7 73
7 49
3 17
8 8
6 97
10 14
10 33
9 76
5 39
7 28
1 71
1 84
6 45
5 85
7 19
7 28
6 5
5 58
3 29
2 88
6 72
9 53
10 41
1 74
7 16
2 5
1 10
8 78
9 68
2 39
10 52
3 44
1 32
6 59
5 56
10 64
3 75
3 48
4 6
6 15
1 61
8 56
7 100
7 5
2 35
5 56
6 28
10 54
6 21
7 92
5 51
1 88
6 78
6 42
5 54
2 93
10 86
4 61
7 3
9 88
2 58
8 38
2 28
9 73
7 88
2 84
5 70
2 44
7 86
4 13
6 67
10 63
6 76
1 95
3 15
3 2
1 54
1 47
3 28
2 53
4 37
5 85
7 2
1 36
1 8
3 83
8 94
10 75
6 4
7 37
4 32
6 20
3 53
10 60
5 88
3 86
8 98
2 8
10 30
7 76
10 82
10 98
10 15
8 99
7 27
2 6
7 43
4 32
5 10
4 49
1 57
8 11
2 18
7 20
3 45
4 75
5 55
7 39
7 59
5 70
7 11
2 29
2 62
8 30
6 5
8 72
10 43
6 72
3 98
3 66
8 50
10 94
4 75
6 82
1 15
5 38
5 93
1 47
4 51
2 11
10 17
2 77
9 70
10 36
7 77
9 60
6 6
8 59
9 42
5 50
6 7
9 100
7 74
5 31
2 72
6 72
10 79
2 50
6 91
1 11
2 71
8 78
4 22
7 77
1 82
1 12
9 92
10 42
2 2
5 57
8 82
9 83
10 100
1 72
7 6
7 80
9 100
9 14
6 22
9 69
4 5
1 79
9 34
1 38
7 77
7 8
10 27
10 69
10 38
4 17
7 73
9 9
8 72
1 85
4 54
5 58
7 48
5 79
9 3
5 59
4 3
7 89
9 64
4 17
8 1
4 40
7 85
1 23
7 99
7 100
7 40
10 2
9 86
9 59
9 11
8 69
10 66
1 74
10 11
3 86
8 48
8 47
10 60
4 69
10 38
7 42
4 64
7 65
5 23
8 20
3 55
7 4
7 78
4 33
8 69
5 47
3 43
5 17
1 41
3 100
8 4
5 92
4 44
1 11
4 49
5 68
2 22
1 42
1 86
4 1
9 82
6 25
7 37
1 36
9 96
7 36
2 28
3 75
1 4
1 50
8 33
8 5
2 34
3 97
5 90
3 16
1 88
10 27
5 18
6 19
9 20
8 9
1 53
9 33
1 61
1 88
3 11
8 47
1 0
7 81
7 46
10 27
2 21
1 72
7 30
5 27
4 31
3 43
6 35
2 46
1 15
4 90
4 98
10 46
7 72
1 87
2 76
2 75
7 78
3 58
4 91
5 5
9 41
1 97
1 83
4 77
10 93
7 67
6 36
2 48
7 14
2 50
5 93
7 12
10 11
9 28
6 88
8 54
8 35
7 81
4 62
1 10
2 69
10 21
6 76
1 81
4 47
2 68
5 93
3 34
1 29
7 52
9 6
2 63
1 45
10 56
9 46
5 64
9 70
5 12
3 74
9 34
1 73
4 67
1 42
3 38
8 51
8 99
3 100
3 100
6 18
10 74
5 31
10 87
9 52
4 40
2 18
1 98
4 6
3 24
9 76
4 33
8 0
5 100
8 38
4 89
10 12
1 31
2 56
4 25
4 5
10 78
3 89
10 19
5 78
3 54
1 26
3 84
4 50
8 96
6 15
7 25
7 75
6 8
1 21
10 55
9 78
3 35
10 19
2 71
2 73
7 61
6 53
4 23
9 2
4 0
7 52
6 99
8 92
5 60
8 22
9 65
6 76
2 60
8 41
8 47
9 29
5 84
10 67
5 80
2 16
9 85
6 24
6 82
7 73
9 23
9 27
4 89
7 30
10 94
7 11
9 11
7 23
2 68
4 37
3 38
9 84
9 93
1 5
3 93
4 68
7 40
8 18
5 46
4 27
7 88
8 78
4 40
7 32
9 46
9 16
10 99
10 77
10 70
5 61
2 91
9 24
7 85
5 90
9 32
7 9
4 48
7 49
9 40
6 31
1 80
8 77
5 90
7 67
1 30
5 48
8 9
3 91
2 43
3 16
6 51
7 3
8 47
10 69
2 62
7 57
9 68
2 38
6 13
5 58
9 29
5 24
2 88
9 32
2 15
10 47
5 2
5 20
5 56
6 76
6 77
6 20
2 34
6 26
9 3
1 18
3 93
10 25
5 82
10 10
1 2
9 55
5 71
10 4
7 20
9 62
7 88
7 68
5 22
3 52
3 66
5 76
4 34
4 51
1 12
5 55
2 45
6 0
3 69
4 75
9 25
4 55
1 6
5 38
9 5
3 35
4 52
8 28
4 26
7 91
1 74
7 76
1 62
9 98
8 14
7 35
10 86
10 5
5 89
3 84
6 27
4 96
5 12
1 38
2 60
2 2
9 86
2 62
5 14
3 85
10 60
8 36
9 44
9 30
4 56
4 37
9 76
1 87
8 97
7 25
10 25
5 15
1 49
2 87
4 35
7 98
1 4
1 16
9 11
8 23
2 4
9 70
2 39
3 84
5 83
9 65
8 6
3 47
4 76
4 31
5 58
3 57
2 53
6 29
4 75
10 3
5 42
6 40
8 67
7 0
5 28
4 83
4 12
8 4
10 17
3 10
5 100
1 51
3 23
3 92
4 93
7 78
7 92
7 86
3 24
9 79
3 86
1 86
1 85
1 14
1 40
7 23
9 11
3 17
1 32
9 96
4 46
4 16
6 39
5 40
7 82
7 90
4 70
8 83
5 40
8 81
2 11
3 47
7 5
6 35
4 14
2 78
8 85
1 33
3 53
10 54
8 72
8 40
1 45
8 91
3 46
1 85
9 71
4 2
1 84
8 73
5 79
8 70
2 22
5 68
10 64
4 67
5 35
7 54
8 66
3 3
2 85
1 58
5 8
4 15
5 63
3 67
4 88
2 3
6 30
4 60
4 72
3 15
1 89
10 77
5 92
7 68
8 81
8 17
6 99
1 11
9 72
10 0
10 75
1 95
5 10
7 76
5 46
4 71
4 74
10 90
5 29
5 62
7 21
7 51
10 22
4 33
4 85
8 83
6 53
7 67
5 71
3 23
3 7
9 1
6 64
1 85
3 17
5 62
8 92
8 35
8 33
5 67
7 76
4 97
4 14
10 12
7 34
6 0
7 16
7 12
5 70
9 32
4 68
1 62
4 34
9 41
3 7
1 73
9 50
3 48
10 76
6 67
6 43
5 11
8 4
9 92
5 11
5 27
3 16
10 35
7 86
9 64
3 93
8 27
6 4
7 68
1 31
4 20
8 72
3 67
7 45
5 34
1 35
10 100
3 7
10 45
9 22
10 78
10 60
8 64
8 14
8 32
5 82
4 86
9 85
1 38
1 14
9 73
8 28
9 86
7 58
9 22
9 61
7 47
3 91
7 99
3 10
7 63
6 92
5 46
9 59
9 63
4 43
7 3
8 47
9 76
1 30
6 69
3 72
8 19
7 97
8 15
8 1
3 35
8 76
10 66
8 80
5 85
8 39
3 20
7 55
10 46
3 42
3 46
9 2
7 1
3 83
9 19
6 95
6 59
8 93
4 62
3 2
10 74
6 3
9 43
10 93
1 55
5 52
3 43
9 57
7 9
7 94
9 99
7 61
7 84
7 9
7 81
4 1
8 73
5 80
8 99
6 91
9 11
8 45
6 100
6 94
1 78
4 6
8 75
3 94
4 38
9 16
8 21
1 23
1 90
8 74
10 51
2 73
1 17
8 30
1 63
9 80
8 100
5 73
10 71
4 79
9 17
7 73
3 80
4 27
5 92
6 57
10 57
7 2
10 21
5 48
1 43
10 71
1 63
8 20
9 34
10 47
2 65
1 49
1 14
7 94
5 4
5 43
2 41
3 54
1 39
8 72
7 31
8 28
7 34
9 36
1 49
5 72
10 54
3 88
9 78
4 63
4 92
2 77
6 10
7 29
2 19
3 31
3 31
4 68
10 99
2 22
6 24
8 93
1 17
2 47
10 94
7 42
9 38
1 44
4 2
6 92
9 87
7 57
10 80
6 82
4 45
9 100
6 1
2 86
9 22
5 92
9 52
5 7
4 22
2 39
4 60
5 10
7 37
5 62
3 11
8 60
10 94
8 2
1 10
7 21
9 12
2 85
8 76
7 61
6 86
10 13
6 33
7 21
9 3
4 90
9 4
10 57
3 58
10 5
10 28
3 48
9 65
4 20
3 83
9 84
8 0
8 61
9 29
2 73
4 45
7 76
7 48
2 43
10 13
3 70
8 53
4 88
9 91
10 66
3 91
9 67
9 2
1 13
8 30
8 53
6 75
7 56
3 92
6 39
1 87
7 8
9 75
1 85
3 65
7 13
8 2
6 53
7 48
8 77
1 42
1 79
3 2
8 43
9 65
7 30
2 0
10 12
10 18
9 6
1 32
4 18
5 65
2 63
2 12
2 79
4 72
2 61
2 86
10 34
7 71
9 51
4 49
7 55
5 36
1 98
8 17
1 88
10 57
6 56
10 66
4 7
9 23
6 27
8 9
8 85
5 75
3 92
9 36
9 17
1 89
1 5
3 15
2 46
8 92
10 94
9 45
7 96
9 10
10 21
9 92
9 17
7 70
2 26
6 90
6 91
4 35
4 41
8 61
8 59
10 22
9 56
1 87
5 27
3 96
3 75
5 77
7 66
4 36
5 11
5 92
7 42
4 90
9 91
3 44
6 3
2 49
6 88
6 49
8 55
8 17
10 100
10 32
5 9
9 40
3 29
1 95
5 27
9 14
10 18
1 57
9 58
3 4
8 83
10 2
5 63
4 31
10 51
6 16
9 36
4 62
2 53
10 100
10 34
2 25
4 40
2 45
5 74
5 31
4 97
6 41
4 44
9 85
5 6
2 88
8 54
6 88
10 66
3 25
5 36
5 80
4 84
2 96
6 98
7 85
3 58
3 6
7 60
8 12
5 95
8 64
9 23
9 32
10 91
2 8
6 43
5 75
4 70
5 0
6 8
4 29
10 15
7 85
2 78
1 22
1 55
6 60
2 74
4 64
2 55
5 79
2 47
7 69
2 18
5 8
2 52
3 77
7 35
1 58
8 76
4 39
10 39
3 76
9 4
8 20
1 46
7 97
5 59
5 33
1 16
8 20
4 54
4 5
4 22
10 35
5 53
1 27
3 43
3 15
8 73
1 87
3 94
3 64
2 28
6 29
8 67
4 73
9 5
9 56
9 70
8 58
1 69
6 51
10 17
2 35
3 81
1 78
4 41
1 89
3 45
1 29
8 54
6 15
10 32
6 34
1 29
5 14
1 61
1 0
1 32
8 89
8 10
2 52
4 49
4 97
1 20
5 51
5 43
5 72
9 9
8 31
6 1
9 70
2 82
8 54
3 79
4 76
1 65
6 76
1 76
4 41
4 46
9 18
1 18
6 4
4 61
3 61
5 60
5 55
9 38
5 45
5 18
8 94
5 18
6 37
2 33
2 40
9 96
5 72
2 64
2 2
5 35
3 27
8 81
9 63
9 17
5 87
9 59
1 43
4 12
3 19
2 99
7 98
6 8
8 6
5 75
10 34
6 97
5 27
2 96
2 58
6 28
6 75
1 62
6 86
4 61
1 9
3 56
10 8
3 30
8 79
1 67
5 28
6 5
1 1
8 21
3 15
1 93
9 60
4 65
3 76
9 7
3 73
2 86
10 68
2 96
2 40
8 30
4 26
2 35
8 79
2 80
6 60
4 13
7 47
2 59
9 45
8 28
5 78
1 16
3 10
9 68
7 33
1 92
6 91
8 88
10 89
8 10
7 19
10 84
4 62
3 55
3 97
10 11
9 88
1 95
8 85
3 94
8 11
2 48
5 34
8 69
3 2
3 11
6 11
8 55
6 76
10 29
7 81
8 94
1 73
5 96
6 47
4 89
2 31
10 10
7 7
5 45
8 76
6 11
10 96
7 58
4 41
6 78
5 57
2 87
4 62
8 95
4 68
10 8
3 90
7 91
2 50
3 48
1 93
1 55
10 69
5 62
10 72
3 70
9 72
4 70
10 90
2 68
6 13
2 62
6 57
2 97
4 9
9 95
5 8
3 55
3 91
6 11
3 0
8 51
10 71
8 34
2 87
6 84
9 72
8 77
9 13
1 36
1 11
1 9
6 14
3 27
5 20
5 91
10 53
3 28
7 39
6 6
4 25
9 99
6 18
2 82
3 71
9 98
1 63
5 40
10 68
2 5
9 59
2 5
7 32
10 1
2 13
2 73
8 64
8 60
9 16
4 18
7 13
8 64
1 44
1 75
9 50
4 61
10 98
5 14
2 8
9 92
4 76
8 6
4 49
5 11
1 17
3 100
1 69
4 74
7 22
4 3
6 43
4 5
5 47
8 12
2 24
7 69
4 89
4 1
10 4
7 27
3 36
3 54
10 97
3 79
5 21
3 45
4 97
2 2
10 6
3 10
1 82
10 80
8 100
9 74
6 95
8 11
1 48
9 21
7 87
6 52
1 78
7 72
5 29
4 72
2 66
2 32
4 39
9 51
7 61
8 63
4 70
7 80
1 37
9 94
4 1
5 10
6 75
8 9
10 47
10 91
2 57
2 99
4 33
9 1
2 35
6 49
7 1
4 57
3 40
2 13
7 62
9 66
2 83
10 58
8 43
3 67
4 76
1 4
1 65
3 82
10 22
4 15
6 55
1 30
3 12
10 93
9 9
10 32
7 13
3 99
3 19
3 73
2 12
1 8
4 62
3 40
5 64
10 71
9 55
10 21
10 100
7 79
4 53
3 67
1 66
2 32
9 60
8 0
10 52
2 40
8 51
4 70
4 4
6 15
7 9
3 30
3 89
6 27
8 84
3 28
3 70
1 91
9 53
10 50
9 9
7 2
1 6
9 16
2 57
2 11
4 32
6 57
7 24
9 22
5 100
4 19
4 53
8 71
3 62
3 50
4 43
10 27
8 22
7 40
9 7
6 18
3 22
10 28
6 69
7 83
2 12
6 94
3 50
1 64
9 12
7 58
6 96
7 70
4 79
8 35
8 58
7 41
1 65
9 71
6 55
1 45
8 25
7 40
2 42
3 84
5 3
7 60
9 10
7 20
7 69
7 94
2 76
8 22
8 37
10 5
5 74
8 39
8 51
6 9
7 98
8 21
2 55
1 30
2 81
4 58
4 45
1 5
3 92
10 72
8 11
5 97
1 22
1 46
9 30
1 66
7 13
5 34
9 14
7 81
6 50
4 67
2 29
2 85
7 4
8 73
2 48
10 89
1 15
6 65
4 67
7 18
1 76
10 14
6 67
7 77
6 2
6 23
7 51
1 99
2 42
9 51
6 34
7 98
7 26
1 69
10 20
5 75
4 69
1 65
1 55
8 28
8 66
3 35
2 23
8 3
9 62
6 89
6 50
7 10
10 31
1 32
2 56
8 58
1 24
8 41
4 43
6 27
6 92
8 94
1 15
4 49
10 29
5 79
4 10
9 5
2 55
7 80
5 36
8 84
8 68
7 15
3 55
2 52
2 66
5 33
3 37
9 66
6 73
5 6
7 84
6 95
1 78
4 19
8 45
2 35
9 66
1 90
7 51
2 88
2 87
5 45
1 69
2 32
7 90
6 69
4 93
3 68
1 29
6 13
3 2
3 9
4 82
7 13
7 28
4 47
2 38
10 24
1 75
2 61
5 48
5 94
6 9
3 19
2 56
4 23
4 90
5 67
5 85
7 80
5 73
4 36
5 81
5 48
4 13
3 68
9 68
3 17
2 72
1 10
2 36
10 83
2 57
7 49
8 52
6 81
2 76
3 75
2 92
2 61
10 89
6 82
9 22
10 74
4 25
5 90
8 88
10 38
1 51
9 18
6 59
8 10
8 38
4 86
2 79
6 79
1 68
6 4
1 53
9 36
7 30
4 59
9 54
4 84
6 31
4 19
1 92
8 60
10 1
2 59
10 6
10 92
9 74
5 19
1 49
10 14
5 73
9 92
7 85
9 12
7 4
1 25
3 23
5 66
6 50
7 39
8 17
3 61
1 67
5 18
2 17
8 41
9 37
1 60
4 92
4 49
1 28
2 71
10 6
10 25
4 87
6 53
1 69
10 4
4 6
6 75
5 31
7 9
5 93
5 54
1 0
2 9
4 79
10 76
9 79
1 54
6 86
6 15
1 79
3 59
4 97
4 75
4 29
1 23
6 21
6 6
7 10
4 56
6 16
1 42
3 4
5 28
9 53
2 7
8 12
8 75
2 75
3 21
5 76
9 1
7 38
6 16
5 91
7 46
1 14
2 97
7 36
9 9
8 97
8 88
4 39
5 29
6 53
6 100
7 88
2 15
5 2
9 95
7 30
1 43
2 57
10 3
5 79
10 41
5 17
2 35
2 55
8 65
3 87
5 63
2 72
2 54
2 54
7 45
6 84
5 35
6 95
4 98
10 20
1 17
9 56
4 96
7 10
8 80
6 16
10 35
8 81
2 14
7 21
3 65
7 95
3 3
9 54
3 55
8 28
2 64
1 26
7 11
7 98
2 27
9 53
4 36
9 19
5 20
4 74
5 5
5 68
9 52
10 23
7 96
8 1
3 0
7 24
1 23
8 56
1 28
2 12
5 34
1 44
10 9
2 23
8 42
4 10
7 95
9 50
5 44
8 28
5 33
7 87
1 32
2 68
6 66
4 9
1 34
10 14
2 9
5 89
5 91
5 42
5 80
1 91
9 59
8 66
10 52
1 10
4 80
6 89
3 57
6 66
6 84
10 1
4 36
4 51
5 37
4 9
10 86
4 29
7 33
5 29
10 83
9 100
7 6
9 65
3 76
10 16
8 1
2 16
7 18
4 5
6 48
2 50
4 55
10 79
5 21
1 56
1 63
4 63
2 79
1 10
6 89
2 71
7 13
10 75
7 84
4 54
2 42
5 21
2 44
6 57
2 7
4 14
10 88
6 81
4 14
5 74
4 8
1 28
5 19
2 9
2 84
1 57
6 61
10 95
4 43
4 23
5 79
10 28
3 0
1 56
9 42
6 58
3 19
10 1
10 11
3 72
8 82
10 85
7 55
3 71
3 90
6 63
4 44
10 1
6 30
10 73
9 24
7 70
2 26
6 90
4 41
5 58
4 0
3 29
7 93
2 6
2 46
10 61
1 83
3 24
8 90
1 18
6 98
1 7
10 39
8 93
3 82
1 49
4 9
2 10
5 0
2 57
7 67
9 63
6 30
4 75
8 20
5 9
8 99
3 22
5 76
9 59
10 29
7 7
8 90
2 69
5 13
3 81
9 65
9 9
8 67
9 60
2 80
5 57
7 97
8 22
8 66
2 85
10 38
6 90
10 5
3 23
4 52
5 29
9 69
1 84
10 57
8 53
2 46
6 37
7 85
5 71
9 91
3 15
7 38
3 96
3 32
2 33
2 29
9 87
3 76
3 5
1 54
7 76
1 93
6 84
9 75
4 7
3 44
4 29
7 36
3 73
4 5
5 56
9 1
1 12
2 32
9 20
8 8
9 7
5 23
9 21
6 38
1 73
3 83
1 80
3 16
8 55
3 59
2 65
1 84
7 92
10 85
7 67
3 71
2 51
8 82
3 25
8 56
1 54
10 99
5 23
1 78
4 50
4 42
7 20
6 95
4 56
6 4
4 68
9 67
7 10
6 63
9 46
6 21
7 94
8 29
1 7
6 85
10 6
2 43
10 29
7 33
8 62
1 84
1 93
2 36
6 74
9 49
6 22
2 47
9 47
1 47
4 61
4 36
2 1
5 68
1 55
8 11
9 78
8 20
10 72
10 75
7 2
1 100
7 92
4 12
7 87
1 20
1 84
4 18
2 15
6 65
9 92
5 30
6 52
4 49
5 67
9 62
1 74
4 86
6 55
5 8
1 72
9 95
8 26
9 61
7 46
8 0
6 15
9 13
6 37
10 61
6 79
8 65
10 72
8 37
2 84
1 6
8 76
6 86
2 39
9 30
8 53
5 70
6 42
5 51
10 52
1 0
6 27
10 47
2 32
7 46
6 49
3 22
5 69
9 35
2 97
4 53
3 71
4 82
9 41
6 37
5 47
7 99
3 53
6 80
5 63
7 6
8 30
5 40
5 90
2 5
7 44
9 66
6 3
7 52
5 63
4 91
2 38
4 60
5 4
6 56
1 32
4 58
9 4
4 66
3 68
5 10
5 37
4 3
10 75
8 40
2 12
5 49
10 22
6 16
9 23
8 5
7 30
8 73
9 100
6 3
9 54
1 8
2 32
2 87
4 38
1 49
2 7
3 55
4 3
5 91
1 80
3 59
4 52
8 38
6 71
10 67
6 67
3 36
3 7
1 24
9 82
1 78
5 49
1 98
6 19
9 6
3 25
4 39
6 73
5 56
3 8
2 92
9 9
5 97
9 95
10 80
2 68
9 29
8 61
8 89
6 54
6 8
2 77
10 53
3 90
1 62
3 27
9 90
6 66
9 23
7 18
1 38
6 96
3 71
1 81
3 70
2 3
3 66
4 78
1 16
8 26
8 91
6 15
1 22
6 12
5 95
8 48
3 7
2 5
4 25
10 43
1 54
5 48
6 99
2 21
5 71
2 49
3 6
4 16
2 1
5 47
4 22
6 92
10 15
7 32
8 51
10 45
10 48
5 86
3 71
3 95
6 59
5 82
9 27
3 23
1 47
9 71
7 91
7 67
1 47
8 29
4 93
7 30
9 88
10 89
1 77
8 45
1 38
8 95
3 16
1 85
5 18
2 75
5 37
10 97
1 59
6 29
9 90
5 77
3 97
10 92
4 34
5 48
6 16
5 30
7 36
10 2
10 19
9 53
9 57
5 27
6 97
7 84
8 3
5 38
1 28
9 87
9 32
7 82
4 71
3 41
2 73
8 77
5 81
3 60
5 43
4 85
6 21
2 81
3 16
6 63
1 66
8 45
4 51
2 8
2 3
8 100
4 92
4 57
4 89
4 79
8 95
8 70
7 45
7 52
7 57
5 10
7 34
4 18
4 50
10 34
6 98
5 60
6 40
2 25
4 49
4 79
5 48
1 83
1 83
3 24
4 29
6 32
10 45
4 16
8 36
10 54
5 62
1 66
2 34
9 84
7 97
4 26
2 79
7 38
7 35
2 1
4 100
5 39
7 93
5 58
5 30
5 48
6 47
2 24
2 18
10 10
5 38
4 62
2 62
3 65
6 12
8 74
6 51
3 5
7 20
2 76
3 16
2 11
5 67
6 39
8 97
4 47
7 45
9 25
3 58
9 49
7 17
4 23
1 29
6 7
8 53
10 91
2 38
2 29
6 23
5 16
4 36
1 32
6 94
2 2
1 68
7 22
9 62
1 71
6 35
8 65
7 62
1 95
10 43
10 6
10 39
1 96
9 52
2 64
2 40
2 3
1 99
1 40
1 72
9 13
5 19
6 36
7 20
5 98
9 62
2 25
2 57
7 55
10 40
10 13
9 3
10 99
3 23
8 78
1 60
8 5
5 55
9 30
5 99
1 88
10 57
9 74
2 42
6 49
4 49
6 49
3 45
4 22
3 57
7 74
6 9
9 12
9 83
5 74
6 61
9 16
9 75
7 32
1 80
6 17
4 17
9 72
8 29
6 22
9 77
9 73
8 96
4 34
6 18
10 7
3 24
4 56
9 39
5 55
4 13
4 17
1 60
1 88
1 53
10 67
6 47
6 89
5 1
4 60
1 59
9 85
6 42
8 82
10 14
9 49
1 97
7 51
5 5
9 54
8 34
7 88
4 36
9 40
3 27
3 76
2 7
4 44
4 78
1 13
3 2
2 83
10 53
8 93
7 58
8 21
5 21
7 24
5 93
5 8
10 29
6 3
10 92
8 8
8 7
3 25
6 95
1 9
3 64
4 44
2 73
10 58
3 97
7 62
1 63
4 0
8 17
10 26
8 8
2 47
1 75
6 50
5 14
2 14
2 79
1 30
2 25
2 92
8 99
8 90
6 17
5 52
7 58
1 28
2 66
6 67
5 52
7 85
9 59
8 42
9 0
10 93
8 79
1 11
1 73
4 80
8 0
9 81
4 67
3 96
10 45
4 55
9 83
3 92
4 70
3 43
4 40
3 16
10 6
3 36
1 76
8 35
1 37
3 25
6 51
8 28
9 91
4 64
8 62
2 22
4 46
1 39
2 51
6 84
7 10
1 2
2 48
1 70
10 83
7 76
5 43
9 13
8 31
9 69
2 86
2 51
3 42
5 33
5 44
9 95
2 66
4 34
2 66
2 36
4 20
7 91
10 96
1 88
6 70
6 83
8 86
3 54
2 85
10 69
3 67
1 85
1 63
3 87
5 63
4 28
10 12
4 23
4 1
1 30
6 8
7 66
2 4
5 61
9 97
8 80
4 61
4 45
3 87
4 31
1 2
1 48
2 88
8 16
10 76
9 8
1 23
2 6
10 42
6 90
10 22
10 76
3 61
5 51
1 51
5 51
9 31
7 86
7 61
1 13
6 70
10 45
6 13
10 23
3 0
8 18
4 12
1 1
2 96
8 24
7 95
9 4
2 9
9 29
1 92
5 76
8 28
6 79
2 22
7 64
7 30
10 76
9 91
4 16
10 68
4 27
3 71
7 7
8 63
6 15
10 83
1 87
2 59
1 25
2 41
1 30
1 66
4 86
5 54
9 77
9 95
1 0
5 40
8 73
6 3
6 49
6 96
2 40
1 66
9 22
7 69
1 58
8 33
6 19
8 18
6 27
2 76
7 46
7 15
8 91
4 85
3 37
7 59
8 85
8 75
6 84
2 11
3 85
9 67
9 46
3 50
1 33
4 97
2 1
2 55
10 2
9 6
4 61
1 81
2 16
9 7
5 6
2 32
10 43
10 43
10 86
9 40
10 26
5 80
9 35
2 89
9 71
5 53
6 23
2 66
8 86
10 92
9 64
4 19
4 7
4 17
8 13
1 2
4 74
4 89
10 37
2 30
2 88
9 66
1 87
1 10
1 6
1 15
10 13
3 28
9 47
7 23
8 19
6 70
4 59
4 76
7 83
9 38
4 46
9 93
7 72
9 88
7 9
3 61
9 39
3 6
8 59
1 50
1 18
1 64
5 1
4 42
4 27
6 18
7 79
7 48
9 100
1 8
3 83
6 43
6 21
3 9
4 66
10 44
8 35
9 32
1 20
1 37
2 81
9 45
7 54
8 30
8 80
8 16
3 8
6 94
4 43
10 37
2 8
9 34
3 92
10 18
2 35
2 67
1 97
1 20
9 81
3 46
6 80
8 86
9 15
1 97
4 83
5 24
7 78
4 55
4 68
6 49
6 10
9 26
10 18
7 71
2 77
8 71
4 44
5 64
7 16
3 46
8 51
2 11
4 55
2 92
3 18
7 50
10 70
1 57
4 22
2 21
3 3
10 43
8 14
1 68
2 96
2 99
9 97
2 44
7 33
2 57
3 32
3 36
1 13
6 52
8 98
3 16
10 15
7 15
5 26
10 89
7 65
7 34
9 27
1 11
8 14
3 4
8 34
3 57
9 100
10 44
1 88
7 91
4 80
6 1
1 1
8 89
5 55
4 85
5 100
8 38
5 64
4 92
3 81
1 70
4 43
8 60
1 62
2 36
10 47
9 35
8 47
2 94
5 68
3 23
10 64
10 9
5 63
3 52
8 34
9 14
10 12
6 5
2 6
6 41
3 80
7 36
8 89
6 28
10 38
3 92
9 44
3 92
7 19
3 18
2 36
7 0
2 83
8 21
6 12
5 90
1 24
3 22
5 7
1 47
7 32
1 87
4 7
4 60
1 98
4 38
6 45
6 63
5 93
5 69
10 84
10 74
1 64
3 55
2 83
8 30
5 57
10 93
1 46
8 10
9 71
10 53
4 20
4 63
3 86
10 23
6 92
9 58
1 46
4 92
5 69
6 6
8 69
3 56
3 56
9 77
5 37
7 94
7 7
9 90
7 72
7 40
3 41
9 13
10 47
4 78
8 4
3 65
9 89
8 30
10 32
8 39
9 7
6 28
6 31
8 45
4 7
9 99
4 85
2 12
6 55
2 93
7 60
9 52
9 41
6 18
2 34
3 77
8 92
10 74
8 15
8 79
2 28
7 26
8 41
2 23
5 3
10 62
4 12
1 69
4 30
10 26
2 80
8 63
4 75
2 27
10 30
7 4
4 71
8 97
6 18
2 40
2 60
9 87
4 15
3 100
3 14
4 84
8 68
9 39
3 85
3 62
9 13
9 94
9 50
7 64
5 33
5 76
4 30
2 23
6 54
10 59
1 11
1 64
7 57
1 100
6 100
7 74
9 41
6 23
8 56
10 87
7 25
7 28
6 93
10 43
3 49
5 62
2 93
1 6
7 79
6 26
9 71
10 52
9 65
8 47
6 14
4 45
10 14
5 70
1 67
6 21
1 16
2 70
8 36
6 55
6 48
8 52
4 73
7 12
7 99
2 42
8 50
6 13
3 71
6 19
4 14
3 26
7 16
8 9
9 76
2 62
5 86
7 0
7 100
2 91
4 13
9 61
4 98
9 36
6 50
1 73
7 73
1 69
9 11
9 96
5 63
1 26
5 45
5 100
10 61
4 85
8 68
4 62
2 95
4 1
10 99
7 58
1 22
4 31
2 51
3 72
5 78
4 63
7 98
1 79
2 45
5 79
4 25
2 73
2 7
10 54
1 72
1 5
5 67
3 28
7 59
8 85
9 66
7 9
7 27
7 7
4 37
10 83
8 1
4 5
5 45
9 86
3 62
1 49
2 33
9 11
7 7
4 16
7 91
5 76
1 39
2 0
10 31
2 92
2 84
9 96
1 89
6 13
3 33
2 78
4 19
4 41
8 94
5 19
10 4
9 91
7 23
10 16
6 96
7 97
8 99
5 18
1 12
5 19
7 58
8 89
4 94
5 27
9 11
2 65
1 40
8 78
10 14
6 65
9 67
6 48
9 84
10 6
8 8
3 72
9 0
4 10
10 20
1 96
8 96
4 49
9 40
10 34
10 18
8 72
3 12
5 12
8 71
2 57
1 61
4 29
10 65
9 91
3 77
2 53
2 36
4 71
4 17
7 62
10 26
10 6
4 0
9 54
5 93
8 43
7 48
10 85
9 55
3 85
2 0
6 46
5 33
6 74
7 6
5 71
9 30
2 18
10 65
6 52
2 81
2 31
9 20
9 22
10 56
3 26
7 28
6 0
5 100
4 34
5 60
10 28
6 87
7 0
4 44
6 71
6 1
9 24
1 84
5 91
10 18
4 81
8 31
1 12
7 95
5 54
4 62
4 20
2 52
2 20
4 3
10 44
1 49
2 98
3 71
2 66
5 54
9 42
4 34
5 26
4 53
6 4
7 30
9 67
9 29
8 39
7 23
9 3
1 79
1 43
5 87
4 24
3 15
2 44
6 84
6 21
4 74
8 54
7 65
3 93
5 57
1 83
3 73
8 64
7 46
10 98
4 38
3 34
7 85
7 61
4 73
1 5
6 83
3 41
3 86
9 60
2 23
9 98
3 31
5 78
4 20
4 61
1 1
3 96
9 80
10 24
6 96
8 42
4 83
9 13
5 47
4 23
1 82
2 35
9 77
8 100
1 61
9 96
4 79
6 96
8 28
4 96
4 60
1 14
2 45
5 39
4 3
5 41
2 54
9 5
4 3
5 33
2 70
2 3
9 59
7 13
2 19
6 97
8 98
3 36
6 84
3 14
5 61
2 21
8 30
4 59
5 60
2 11
4 8
7 47
3 2
8 16
6 32
2 1
7 63
10 42
3 92
3 76
4 57
8 9
5 23
5 91
1 25
9 43
5 46
2 97
8 2
4 89
1 81
10 28
6 92
10 65
3 21
5 83
10 21
4 18
7 5
10 77
5 38
2 70
10 11
3 74
2 65
3 18
8 30
4 76
8 6
9 55
8 71
7 98
2 87
3 87
8 65
2 36
8 38
2 20
5 16
7 73
5 81
7 85
7 32
6 85
3 7
9 20
7 61
5 20
5 31
9 6
7 1
2 64
1 77
10 23
8 48
6 79
7 93
7 60
5 2
6 25
7 72
9 59
1 4
5 6
8 89
4 0
7 12
8 39
2 52
7 97
7 44
2 82
4 63
7 31
3 52
9 45
8 86
8 1
4 64
5 48
1 11
1 1
9 15
9 14
8 32
6 65
3 25
7 84
2 69
10 46
3 62
3 7
7 62
4 52
10 2
3 14
8 73
3 89
9 82
6 16
9 71
5 32
1 36
2 77
5 70
7 37
2 62
3 68
8 44
2 38
9 30
5 42
8 65
1 51
1 71
7 22
5 21
9 59
6 70
7 32
5 23
6 94
1 69
1 27
2 33
4 24
6 25
3 19
10 4
7 62
4 13
1 75
5 50
2 16
1 42
7 23
6 93
10 42
7 84
7 32
3 1
3 61
9 44
8 18
3 79
10 52
1 48
1 30
10 44
7 80
2 71
5 24
9 64
4 5
5 35
8 73
5 58
7 36
5 15
6 34
2 84
9 99
3 53
4 79
5 28
4 79
9 26
7 49
6 14
1 25
4 82
9 33
10 71
2 82
3 98
4 84
5 44
1 0
6 67
5 22
8 61
7 70
3 62
10 13
8 75
7 19
8 77
3 55
3 24
10 2
7 32
5 74
3 21
2 95
6 74
10 82
2 77
3 68
5 55
3 80
2 39
3 27
7 100
10 82
4 47
2 28
9 14
6 48
4 93
6 52
1 57
3 2
3 22
9 69
7 100
7 66
5 93
8 77
6 24
3 38
9 21
1 70
4 32
9 58
3 87
6 58
4 97
5 30
8 28
7 3
9 92
6 89
7 28
1 66
9 56
8 97
7 98
1 37
3 39
10 52
5 100
4 70
9 35
8 87
8 34
3 32
7 64
8 76
2 42
5 62
10 57
6 1
5 27
10 11
9 7
5 85
10 60
5 49
5 28
10 36
10 40
5 44
8 38
2 50
1 81
1 67
9 30
3 65
2 79
8 62
9 30
8 54
7 90
8 36
10 41
9 73
9 54
3 15
10 69
7 63
10 22
5 40
3 83
4 53
9 0
7 94
5 8
4 76
5 16
4 51
6 92
3 22
10 61
2 35
10 67
7 78
3 78
8 69
1 38
8 68
6 18
8 55
3 87
1 3
8 60
10 7
9 16
8 44
6 27
2 51
2 31
3 91
2 47
3 89
7 20
3 89
7 91
5 77
4 87
10 19
9 47
2 25
4 65
6 10
8 52
8 31
8 16
5 64
4 65
2 48
10 21
3 28
7 57
3 80
10 86
4 100
3 95
9 76
1 9
3 48
3 62
8 90
6 90
9 67
7 81
10 62
4 7
4 86
10 92
8 78
8 29
5 6
7 26
8 91
6 26
4 62
6 53
5 66
8 35
5 56
8 33
6 39
5 20
10 74
4 83
8 53
5 37
6 87
6 49
10 0
4 48
1 34
7 7
9 20
6 36
6 86
4 79
5 19
6 81
2 29
2 94
9 89
6 25
5 54
6 95
5 45
10 94
4 32
2 91
2 35
9 28
4 80
4 28
10 32
7 2
5 6
4 15
2 18
10 34
6 11
3 57
7 62
2 28
1 16
10 60
6 94
10 58
5 84
3 6
6 49
10 40
5 78
9 93
4 53
8 18
3 47
9 23
4 14
2 27
8 1
2 56
1 77
1 11
6 36
7 11
10 14
6 91
4 99
5 54
2 7
4 97
5 85
5 70
3 9
2 10
10 37
4 1
10 12
9 24
4 76
5 93
8 93
4 82
7 14
5 81
3 93
10 67
4 8
10 96
3 1
3 18
1 93
5 29
3 82
8 47
2 9
1 93
10 64
3 37
5 83
1 57
6 81
1 20
10 6
4 39
1 94
3 27
2 26
4 52
1 86
9 23
4 39
10 7
8 44
5 7
8 66
8 77
1 29
10 38
7 13
2 11
10 46
10 86
3 85
7 35
7 54
10 92
9 54
3 94
5 75
9 61
10 99
7 40
1 44
3 15
9 79
7 88
6 25
3 57
3 64
10 85
9 55
7 49
1 75
1 30
7 63
1 13
9 31
3 23
8 37
7 79
1 8
8 88
4 48
3 60
1 71
7 75
8 18
1 53
8 75
1 27
7 30
2 75
1 76
7 35
8 81
6 16
2 94
9 77
6 59
1 61
3 11
7 67
4 62
6 39
3 22
7 74
8 89
7 87
9 90
7 1
7 41
6 84
3 63
8 11
6 15
9 89
5 61
2 24
7 77
3 100
6 31
7 80
5 95
7 62
4 64
5 94
9 52
6 25
9 4
3 45
5 37
8 43
10 9
8 72
3 86
9 67
9 53
8 51
10 94
1 100
2 26
2 43
4 62
6 7
1 45
8 36
10 96
2 45
10 35
8 72
6 46
2 100
5 34
10 15
6 4
1 63
1 58
3 22
10 43
3 23
1 100
2 99
7 23
2 63
8 18
5 72
3 12
2 75
9 0
4 50
8 57
8 91
1 88
10 49
8 34
5 20
3 46
1 0
9 46
4 38
7 83
1 93
3 53
2 48
8 35
7 100
6 75
3 53
10 46
2 19
7 49
5 100
10 81
6 29
7 73
7 23
2 55
9 99
8 53
9 89
3 2
8 97
9 3
3 14
7 59
6 86
1 5
8 9
9 17
5 93
4 40
4 28
1 26
2 87
2 26
4 16
8 13
6 54
5 19
9 92
1 45
4 55
2 21
1 0
10 10
9 25
9 72
4 6
7 7
8 46
5 69
8 5
3 57
10 73
8 65
10 4
2 45
9 19
5 42
2 17
1 22
9 24
5 56
2 62
2 82
6 12
3 96
10 44
7 62
9 1
3 43
7 16
8 46
5 37
1 59
10 27
1 97
9 86
2 11
10 60
7 43
9 9
2 78
3 5
1 49
2 47
9 92
10 7
3 30
3 94
4 24
7 92
9 62
3 60
5 76
2 46
1 61
6 42
7 62
6 30
5 36
3 77
1 18
8 45
7 5
4 92
9 78
1 86
6 88
8 87
3 18
5 48
4 64
2 11
1 22
10 100
6 96
5 3
3 39
7 95
10 94
3 59
7 62
4 32
7 16
8 32
8 31
4 89
5 75
3 16
10 99
4 49
7 74
10 14
6 88
4 94
4 8
4 7
5 20
3 79
10 38
4 25
9 0
9 33
10 85
8 46
2 63
1 64
1 74
8 18
2 40
1 55
4 32
5 24
9 30
1 19
6 42
7 62
10 85
4 79
5 73
9 34
6 62
6 32
3 97
9 41
8 7
1 16
3 51
7 47
10 75
4 75
10 31
5 16
4 52
2 26
1 0
7 21
6 62
9 96
8 10
8 50
6 29
9 96
2 32
10 45
3 21
5 47
3 70
3 17
7 69
1 48
8 40
4 44
10 62
6 61
7 45
7 42
2 7
8 25
2 96
4 40
2 27
3 12
4 15
10 29
10 5
5 66
2 89
3 40
8 1
6 35
2 79
8 0
8 84
7 6
6 74
6 85
2 10
8 21
10 58
6 57
2 23
10 41
1 90
10 73
2 23
6 0
1 70
1 43
9 73
3 78
1 61
9 46
3 22
2 50
8 99
4 10
6 24
10 75
4 81
2 97
3 51
5 35
10 42
10 48
8 18
8 77
9 65
4 33
10 23
8 22
5 39
8 75
6 29
9 46
7 42
8 26
1 14
1 7
4 78
1 99
1 5
10 9
7 85
10 69
2 46
8 60
3 45
5 22
4 58
10 47
8 56
3 52
10 34
9 41
5 60
9 1
10 76
9 37
3 95
5 93
6 84
8 24
10 96
7 84
5 62
7 93
7 8
5 0
4 99
2 96
3 11
6 99
5 33
7 26
8 37
10 10
2 92
10 0
8 95
4 93
4 64
4 42
8 96
9 5
1 61
5 92
5 7
3 79
9 24
2 11
5 83
4 40
9 65
7 21
8 74
5 85
1 78
8 47
10 30
7 13
4 76
2 31
5 54
8 13
4 13
3 36
4 81
2 74
9 43
10 15
3 41
1 96
10 5
7 2
9 41
10 30
8 52
7 25
2 36
1 7
6 14
10 81
5 42
7 34
5 89
3 87
9 81
10 44
6 5
5 41
9 32
7 17
3 0
2 92
3 19
4 45
8 68
4 15
10 49
9 70
2 35
1 70
10 66
1 44
4 42
10 75
6 41
7 20
7 86
10 76
4 32
8 59
5 79
3 69
10 48
1 9
5 0
5 56
9 23
4 74
3 63
1 34
1 44
2 39
2 20
7 84
1 46
3 49
2 65
2 40
6 97
2 35
4 30
7 66
8 57
6 37
8 26
4 89
1 16
3 96
1 68
7 17
1 7
8 88
7 5
7 37
9 68
6 63
7 15
4 74
5 90
7 2
1 63
6 9
6 99
10 41
2 57
5 52
5 5
3 30
4 95
7 94
3 48
3 75
9 3
3 58
9 38
10 49
7 34
4 70
10 96
7 80
5 30
3 10
10 13
10 79
5 95
10 29
9 1
2 1
6 82
7 98
10 13
3 60
10 60
6 49
6 68
9 40
3 40
6 9
5 50
3 59
3 25
4 83
9 75
9 98
8 40
10 35
10 36
5 96
4 7
1 50
4 40
6 71
5 55
3 88
5 48
6 1
7 62
10 69
10 34
3 82
8 85
9 0
7 4
3 34
7 42
9 69
9 30
10 23
7 65
2 28
8 79
6 11
3 45
8 57
7 63
2 75
10 7
9 3
1 50
10 31
1 34
5 92
1 32
9 88
6 9
1 93
9 43
4 11
9 21
3 87
6 29
10 88
5 23
10 56
8 66
4 55
8 7
1 50
9 1
4 47
1 54
5 95
6 46
5 61
10 4
8 21
4 52
8 1
10 24
5 58
8 80
6 63
7 15
3 49
5 89
7 52
6 85
2 82
9 63
9 92
8 44
3 0
9 97
10 34
5 39
4 82
10 10
7 94
9 67
6 17
7 51
6 5
8 99
7 44
5 94
8 59
5 62
4 39
4 77
8 6
5 31
9 71
5 88
5 25
1 34
6 67
10 72
6 72
4 19
1 54
3 68
8 26
1 98
1 64
3 70
1 41
6 13
3 35
7 4
4 15
2 98
1 4
5 87
2 67
10 6
6 25
1 19
10 88
10 9
10 31
10 76
7 70
7 62
3 99
6 67
5 22
1 88
10 62
3 23
4 37
9 19
9 75
1 91
2 99
7 43
4 73
3 30
1 26
7 76
6 84
9 56
4 12
4 28
2 11
2 71
3 14
7 83
1 60
4 80
9 94
10 73
2 65
3 10
2 73
5 17
3 57
3 90
10 34
6 55
7 17
2 34
1 97
4 27
5 48
1 20
10 41
6 14
3 72
3 25
9 74
1 26
6 58
6 58
3 25
1 97
2 84
5 78
6 84
7 95
5 83
8 98
1 83
8 99
2 89
4 19
5 91
7 63
7 54
7 51
3 90
10 62
4 24
4 80
4 98
8 33
4 41
8 69
7 74
1 62
1 74
7 100
10 32
1 98
4 49
4 17
1 11
8 67
8 99
2 86
9 43
9 81
7 30
5 82
2 60
5 4
4 57
7 60
1 63
1 47
2 40
3 8
8 75
3 16
3 32
8 86
8 74
2 68
10 42
2 94
6 21
3 94
4 62
1 79
5 49
7 35
9 55
5 55
2 8
7 78
5 4
3 55
4 71
8 30
9 2
2 95
3 43
4 37
10 8
1 62
6 42
4 72
3 100
4 28
2 7
2 21
7 78
4 59
3 31
10 32
8 43
9 75
5 84
8 33
4 33
10 0
10 15
8 99
8 18
10 71
4 63
9 9
5 47
3 55
8 24
10 37
4 1
9 69
7 58
5 46
1 92
9 22
2 6
2 7
10 65
4 82
4 58
2 5
5 18
8 54
1 33
2 7
1 31
8 49
3 31
9 90
2 4
3 40
4 92
9 13
7 73
3 61
10 14
10 31
1 98
3 51
3 23
8 41
6 25
8 17
10 87
7 28
6 59
6 68
3 52
1 52
5 34
4 91
10 16
10 31
9 31
7 13
2 95
2 99
6 27
1 87
10 22
6 95
10 1
7 100
3 73
10 64
5 46
6 0
3 93
7 3
3 31
10 75
3 90
1 47
7 84
8 6
6 38
3 99
10 55
7 54
4 28
4 32
7 17
1 70
8 60
3 0
5 93
1 8
4 44
10 33
2 89
4 9
3 53
5 15
9 98
7 37
8 82
5 52
2 24
3 63
2 90
1 100
3 46
10 48
4 19
6 83
7 65
6 28
1 16
1 30
5 29
1 64
3 59
5 30
7 78
10 26
3 17
9 57
5 49
8 31
3 21
6 87
3 40
1 52
1 60
1 0
6 36
5 86
7 76
5 45
7 32
3 81
10 17
1 39
2 40
7 84
2 9
5 29
7 69
6 13
7 88
10 51
3 5
2 43
9 85
1 56
9 21
5 69
9 47
5 52
1 68
2 66
1 34
10 67
6 88
9 31
5 64
8 38
10 47
3 14
10 95
1 96
7 29
9 82
7 31
5 36
3 11
2 28
4 12
4 84
8 17
5 99
6 26
3 54
5 81
8 19
3 61
2 16
7 61
7 37
5 42
6 1
2 78
8 23
6 26
9 31
2 90
3 19
1 63
2 6
4 83
5 85
7 17
5 31
9 38
7 62
3 44
1 70
8 13
2 65
8 90
10 11
1 92
4 69
7 87
1 19
8 53
10 4
9 86
2 29
9 23
3 86
9 26
5 96
9 40
6 74
4 27
9 36
10 39
1 22
1 3
9 5
3 86
6 42
10 71
8 11
1 63
7 53
5 73
5 62
8 24
9 2
6 42
4 40
7 91
2 29
10 28
2 6
2 30
2 58
5 9
4 0
9 45
7 43
7 11
6 84
10 73
5 41
8 72
10 54
6 24
6 97
8 9
4 33
3 94
3 9
6 88
8 61
6 9
5 8
9 100
7 84
4 25
10 51
5 49
10 49
9 80
9 81
3 6
7 81
6 42
1 34
2 76
10 98
10 3
4 2
3 6
4 6
6 58
8 75
1 6
4 63
8 88
3 7
5 20
7 73
9 92
10 35
7 75
2 24
4 96
4 99
10 20
2 68
8 63
5 3
8 33
7 60
2 45
5 2
8 81
9 98
5 12
3 100
8 25
8 59
5 87
10 65
4 6
8 31
10 47
5 49
7 24
9 5
9 43
7 99
3 31
1 74
6 51
8 0
5 32
5 14
10 61
10 34
2 24
2 15
9 99
1 88
10 87
5 33
5 96
9 71
9 40
2 53
1 5
3 62
5 22
9 60
9 96
4 71
6 96
9 60
2 90
7 66
2 68
3 14
10 38
9 76
1 25
3 57
2 97
3 8
6 45
8 69
8 60
4 17
9 66
8 81
1 71
2 79
5 22
3 13
2 53
1 56
1 6
9 80
9 92
7 81
10 25
2 5
9 28
10 22
9 66
6 53
1 94
3 18
1 1
5 57
1 59
10 59
1 11
9 12
2 3
9 28
3 99
1 5
10 41
9 72
3 34
10 51
5 37
1 5
5 72
4 70
1 9
5 84
4 99
10 16
4 45
1 31
10 19
7 44
6 64
3 28
9 83
3 79
8 69
8 79
3 15
1 1
3 57
7 45
6 60
4 35
1 39
10 32
6 31
3 90
10 30
3 34
8 25
5 1
4 1
6 15
5 21
10 60
3 80
8 58
3 25
2 72
1 23
6 55
10 69
10 74
1 69
2 56
5 85
5 6
1 95
4 84
3 60
3 84
2 65
8 68
4 60
1 38
2 13
5 41
2 63
8 25
1 9
4 44
3 70
1 76
2 99
10 69
10 61
7 60
5 54
2 8
3 28
8 95
4 43
6 43
6 67
2 98
10 73
10 93
7 82
5 100
8 84
6 10
9 11
2 58
6 13
10 4
10 38
6 68
1 21
3 94
6 33
6 72
8 12
10 61
10 85
10 70
2 27
9 9
3 90
9 48
5 44
7 96
7 94
4 5
9 84
9 10
2 16
8 100
5 54
5 73
10 62
10 94
5 99
6 8
8 23
2 21
5 87
7 70
4 61
4 47
7 81
2 56
9 74
3 68
4 69
5 64
8 73
7 17
4 61
5 20
7 95
2 62
2 66
4 83
3 10
9 34
8 77
2 48
10 47
5 8
5 29
6 10
1 21
4 65
10 94
4 63
8 2
6 11
5 100
1 24
3 9
3 79
4 46
4 57
3 49
3 100
2 65
5 85
8 51
5 85
4 8
2 50
7 27
10 47
6 12
6 41
8 52
3 100
1 80
2 67
7 83
2 13
1 27
10 52
3 21
5 21
9 54
8 60
5 64
9 89
8 11
1 0
6 82
4 96
5 86
5 24
6 49
3 20
8 65
9 33
10 73
2 43
8 31
9 10
4 40
8 57
8 64
8 2
2 27
4 82
2 70
4 6
8 76
4 41
10 71
6 5
5 97
9 51
3 15
5 69
1 64
6 53
3 76
9 42
7 47
8 40
10 55
8 58
3 85
7 20
10 100
5 71
3 30
8 51
2 3
4 96
10 22
1 71
5 13
6 76
3 50
9 4
6 36
2 49
3 4
1 4
3 79
10 3
5 21
3 43
3 79
9 1
9 96
6 67
5 34
10 55
1 38
10 98
6 73
3 58
9 0
2 87
7 25
9 17
4 10
1 75
4 22
1 95
10 98
1 71
3 24
7 56
6 2
7 47
8 32
2 5
3 41
7 2
9 2
10 81
6 86
2 100
8 29
7 52
7 55
4 59
6 34
1 88
10 51
1 89
2 10
9 18
3 39
1 0
5 32
9 13
3 61
6 62
3 8
3 47
5 28
1 33
10 83
4 65
7 1
3 66
1 46
4 78
1 66
1 25
7 49
9 20
3 99
4 27
9 14
6 15
7 18
10 66
8 10
8 14
9 53
4 88
1 61
9 74
9 45
9 3
3 16
10 65
10 45
6 96
5 60
10 79
8 74
5 49
3 1
5 1
7 2
4 7
8 8
1 25
2 96
7 8
9 31
4 67
5 61
10 72
7 19
3 72
1 9
1 18
9 78
5 0
3 33
10 28
2 84
5 76
3 40
3 42
8 46
1 73
2 4
5 57
8 51
10 23
7 100
2 34
1 38
9 32
10 29
1 64
3 33
4 18
6 53
6 13
2 27
3 68
8 69
3 3
1 60
5 64
9 15
8 29
10 87
7 18
8 8
1 8
6 26
8 79
4 27
4 74
9 26
1 11
10 48
7 23
7 20
1 80
1 95
1 80
3 6
10 88
4 25
2 72
5 15
1 52
6 1
2 22
8 82
2 47
3 72
5 95
1 60
4 5
6 11
5 99
3 6
7 93
4 76
4 44
9 82
5 98
7 88
7 93
1 44
6 37
10 8
6 98
10 12
1 59
8 72
5 62
6 68
5 63
8 92
9 95
7 78
4 62
9 41
5 68
2 13
1 46
2 79
10 57
2 62
6 84
2 86
9 42
1 49
6 61
3 22
2 64
10 44
7 47
2 50
8 64
1 23
10 27
7 98
9 55
1 40
8 25
7 100
10 51
1 35
8 96
7 85
9 93
1 34
4 66
4 83
1 83
8 83
5 51
4 75
9 26
4 52
5 96
3 79
5 18
9 97
5 51
2 76
8 69
9 87
3 45
1 13
4 5
4 68
6 46
1 38
10 73
5 53
7 24
2 87
7 94
6 22
3 88
4 12
8 43
1 4
5 29
6 25
8 27
7 33
10 64
1 75
6 51
4 2
7 8
3 47
10 14
9 39
5 59
3 92
3 70
6 24
8 19
5 79
8 13
1 50
7 47
8 53
10 82
5 81
5 82
4 14
8 10
9 2
8 36
9 65
3 15
2 78
8 12
4 6
7 95
3 88
3 40
7 74
2 84
3 92
2 58
3 33
1 68
1 41
3 32
8 17
7 95
9 8
7 8
6 89
1 60
8 18
3 93
7 20
8 69
5 90
6 78
2 45
4 56
1 60
7 53
5 87
6 36
3 28
6 41
2 91
4 61
4 27
6 18
2 18
8 84
1 97
10 59
7 63
7 66
1 37
6 46
1 74
2 84
2 35
3 81
4 23
10 74
2 89
4 47
10 97
8 85
9 5
7 67
7 10
5 10
4 42
8 89
2 8
1 98
5 36
5 25
2 31
1 29
7 31
8 78
5 48
6 69
8 1
5 82
6 65
6 65
1 50
1 54
3 0
8 39
3 15
4 37
6 19
8 35
5 29
8 37
2 42
1 12
1 97
9 80
5 30
6 93
10 95
2 11
5 5
2 7
3 7
1 18
10 1
10 84
8 80
6 58
2 81
8 1
4 30
6 48
9 18
4 89
7 38
3 71
1 13
2 73
4 8
9 72
10 21
1 13
2 80
8 69
3 77
2 25
6 44
7 56
6 22
9 57
1 51
7 77
1 43
7 7
1 80
9 98
1 19
6 99
6 87
1 70
5 51
2 74
2 91
8 61
5 67
7 65
4 16
9 81
6 93
4 66
10 47
4 90
3 69
3 0
7 42
7 73
8 15
2 30
1 93
5 12
4 49
7 75
10 12
8 44
1 95
8 39
6 33
9 20
1 81
8 14
1 16
1 40
3 23
6 76
10 73
1 95
8 28
6 79
2 61
9 30
2 84
8 15
7 16
10 4
7 95
7 95
6 46
2 18
5 86
5 70
1 98
6 87
8 97
1 69
7 24
9 72
6 47
9 54
2 87
5 27
4 87
9 95
5 80
8 15
4 73
9 11
7 1
4 72
9 18
7 50
2 31
2 72
9 76
9 21
10 63
9 35
4 13
1 42
10 81
1 99
9 2
3 97
8 42
7 89
5 65
9 39
6 38
9 2
7 15
6 77
8 90
7 89
9 34
7 31
9 3
10 82
3 53
2 13
10 98
3 68
3 52
3 36
5 5
8 6
1 99
9 35
4 48
8 28
3 25
6 15
5 91
8 42
2 76
10 89
9 2
9 24
10 20
5 96
4 46
7 61
7 41
2 10
1 12
2 7
4 74
1 59
10 25
2 55
5 56
3 99
9 59
1 81
9 30
6 9
2 18
3 37
3 92
3 70
10 74
1 29
6 56
6 81
10 92
1 70
6 4
9 82
4 4
10 39
7 87
5 43
1 9
7 37
5 0
3 64
7 93
9 5
3 28
10 50
5 70
3 39
6 79
10 94
10 59
6 77
3 63
7 41
9 61
2 21
4 25
1 98
4 19
6 97
8 42
4 20
6 22
3 24
1 49
8 80
8 13
1 38
1 97
5 41
2 40
6 34
9 63
7 57
2 29
3 100
6 10
8 60
10 65
3 63
9 56
10 84
9 65
2 20
10 12
10 74
3 90
1 67
2 44
2 33
9 54
9 19
1 37
5 100
10 95
9 17
5 18
10 97
7 18
8 5
2 59
1 61
7 63
9 53
7 96
2 40
10 52
7 82
8 8
10 19
6 64
3 47
3 27
4 92
8 92
6 60
3 69
9 67
7 46
7 13
8 88
1 84
10 11
9 16
10 31
2 86
5 68
6 30
10 77
7 45
5 70
4 86
6 42
2 92
5 70
4 47
6 83
1 43
5 2
2 9
7 96
9 79
6 44
2 43
5 41
10 48
3 22
9 1
3 59
4 53
9 51
8 44
9 41
4 33
2 2
2 59
4 82
6 28
10 5
8 54
9 82
2 69
8 8
2 50
2 61
6 53
4 32
2 52
7 17
7 55
10 95
5 13
6 55
7 62
1 82
7 67
9 44
1 41
6 22
4 61
10 73
9 89
1 89
5 41
2 6
1 84
7 36
2 53
4 82
2 73
10 38
9 36
3 98
3 13
2 34
10 68
4 40
1 35
1 97
2 71
10 100
9 12
1 5
10 62
7 48
10 41
3 96
6 42
8 41
5 8
7 55
7 62
9 57
2 80
8 28
8 10
4 89
3 42
1 91
6 0
6 38
10 99
7 100
10 50
5 44
5 80
5 28
3 9
10 23
5 4
4 67
2 65
2 82
1 93
4 42
6 54
9 74
9 91
2 44
5 66
2 93
2 92
2 90
9 15
10 86
6 59
8 99
10 52
10 62
6 83
10 63
2 43
10 96
8 59
6 58
8 54
8 84
2 28
5 72
1 39
6 48
3 63
6 38
5 16
10 73
4 66
9 19
9 15
5 31
2 34
1 3
3 1
5 26
7 11
4 80
3 9
7 6
1 51
2 85
4 16
6 52
7 99
4 95
7 13
1 1
5 34
9 32
6 40
9 73
1 82
3 44
5 33
8 57
8 41
2 2
2 27
1 69
3 94
7 4
4 32
5 69
5 50
4 34
8 58
3 61
5 50
10 74
3 81
4 8
6 33
7 83
2 67
10 19
1 44
9 93
4 77
9 65
3 96
4 93
6 80
2 63
1 36
1 24
3 44
3 75
8 14
6 51
10 56
4 20
2 44
4 26
8 59
8 4
6 95
9 67
5 12
2 51
3 31
9 88
9 14
9 0
9 42
10 35
2 29
3 88
1 90
2 3
6 18
8 90
10 65
5 57
3 76
6 12
4 93
5 56
4 9
4 6
10 45
9 69
4 0
2 12
3 44
1 68
1 98
8 99
4 97
4 74
8 45
6 79
6 31
5 70
9 28
10 97
7 6
5 40
1 96
5 78
1 55
10 26
5 31
8 73
9 77
6 54
8 60
3 24
6 11
2 72
1 47
3 85
5 58
4 98
1 18
6 72
3 100
8 28
8 29
8 33
10 19
9 30
3 53
6 26
9 92
9 62
8 65
4 99
5 50
9 50
3 28
2 53
5 83
6 74
2 74
4 10
1 33
1 88
3 70
2 31
4 15
2 76
6 82
3 67
1 48
4 85
3 1
5 15
6 85
10 37
7 44
2 42
9 20
6 6
4 62
9 97
1 13
1 56
8 51
4 87
10 53
1 62
7 35
3 10
3 92
7 76
8 88
10 89
4 94
2 44
2 32
4 53
4 1
9 27
5 43
8 36
8 34
10 5
5 24
3 17
6 96
2 95
10 39
10 47
10 41
3 0
6 49
1 13
4 28
8 57
1 70
7 65
1 41
6 70
3 93
6 10
1 90
2 24
5 79
3 5
5 17
6 94
1 58
4 95
1 61
5 90
3 77
2 15
10 69
5 57
7 36
5 71
7 84
3 64
7 82
6 50
8 16
8 99
8 13
1 30
2 22
5 52
2 18
3 87
8 45
1 87
9 71
6 39
3 38
8 28
7 53
8 34
4 2
7 54
5 43
7 39
1 90
1 32
6 56
4 30
4 4
6 74
1 89
6 43
6 47
4 67
1 14
4 42
2 18
6 38
6 32
6 62
7 60
10 53
1 80
6 36
1 4
9 42
1 93
4 6
6 56
10 82
4 31
8 54
1 9
4 16
1 92
5 37
5 23
10 60
9 81
5 62
3 37
6 79
3 0
4 17
3 12
4 21
7 96
8 95
9 74
8 52
4 80
9 67
3 28
2 42
3 50
3 73
2 13
3 45
7 25
1 17
6 95
4 27
10 18
6 11
4 90
6 37
4 83
6 87
6 18
3 78
4 72
4 33
8 78
4 78
5 86
7 71
6 84
6 59
6 37
7 35
3 33
1 74
2 79
6 66
8 50
1 43
6 100
9 29
6 2
8 88
1 65
3 1
7 3
1 48
4 0
8 81
5 100
3 81
8 35
10 50
6 46
9 70
5 43
3 13
6 96
4 100
10 94
9 23
10 73
3 6
8 12
6 12
1 98
1 53
6 9
4 30
2 94
1 48
6 52
9 62
4 67
3 53
3 48
1 38
10 59
3 92
8 3
9 77
10 29
2 1
3 18
1 42
7 69
3 7
3 38
6 90
3 89
8 0
1 16
3 69
1 92
7 45
5 27
7 31
4 78
9 39
5 9
4 82
1 11
1 46
1 43
1 83
3 98
8 81
2 37
5 13
1 93
5 56
2 38
4 48
3 89
1 70
3 88
10 57
5 46
7 64
4 27
4 96
2 64
1 32
9 7
10 26
5 1
9 38
8 42
2 36
5 11
7 16
8 30
7 10
3 76
3 28
9 50
10 74
6 96
3 81
4 63
5 91
10 21
4 80
1 62
1 2
10 36
10 47
1 1
5 68
9 30
4 64
5 24
3 43
4 97
4 21
10 47
3 64
4 28
1 33
1 33
9 37
10 32
10 91
8 29
8 58
5 86
6 42
6 82
3 46
9 99
5 41
10 80
6 60
5 30
3 90
5 73
9 86
3 83
3 87
10 82
9 12
5 10
2 88
6 20
8 15
4 41
8 29
10 21
2 20
2 62
8 68
10 66
10 60
7 79
2 24
6 0
10 14
4 59
4 60
2 95
8 16
10 24
4 50
1 31
7 4
7 50
3 53
9 65
9 100
9 34
2 100
2 58
8 21
9 31
6 0
5 34
6 72
5 32
7 77
7 54
4 5
7 11
5 84
4 53
1 33
2 100
5 42
6 91
2 5
6 71
1 81
1 47
10 78
9 39
6 26
1 94
2 85
5 90
9 42
4 47
2 46
2 26
2 23
6 40
8 54
4 7
7 20
7 44
1 68
5 88
5 58
6 17
5 56
7 38
7 81
2 32
1 38
6 28
8 77
10 86
10 20
1 11
5 42
2 76
2 63
9 63
4 81
7 100
6 29
6 63
6 59
10 41
9 29
2 57
2 69
7 24
9 92
2 57
9 26
4 91
2 99
7 62
5 74
7 39
5 55
4 79
9 97
3 94
4 78
1 39
1 76
3 89
7 73
8 17
3 74
8 39
9 33
1 71
10 47
10 76
9 37
3 96
6 4
9 3
4 56
2 91
1 12
8 28
2 12
3 47
7 53
6 93
3 28
7 8
1 59
10 89
10 20
1 94
2 97
5 0
8 32
8 15
3 100
6 82
10 49
10 51
4 67
2 47
3 19
1 28
7 28
7 78
5 60
9 73
10 35
10 46
9 41
6 76
6 72
4 71
4 44
2 56
1 87
6 52
6 76
1 25
4 88
6 21
3 47
3 76
10 73
3 12
4 86
9 96
4 22
8 89
3 44
2 92
4 93
10 49
1 3
8 58
2 6
7 42
7 3
5 86
5 8
1 10
9 57
1 54
2 89
3 90
4 29
7 56
10 4
9 93
8 21
1 28
1 22
6 59
8 52
5 31
1 18
10 11
4 64
6 30
10 57
10 46
1 25
4 70
6 15
1 65
6 98
2 16
2 60
5 36
3 73
7 21
10 85
10 39
2 75
5 30
10 73
7 20
2 23
2 31
3 17
7 87
10 87
4 8
9 94
10 88
5 49
3 4
8 83
8 67
3 16
1 77
5 31
2 7
5 92
6 57
9 97
7 68
2 2
9 15
1 46
1 57
7 17
8 36
5 91
9 22
4 95
4 96
9 98
5 30
3 95
1 57
9 16
3 81
2 80
4 35
6 23
1 31
5 75
10 58
5 56
6 89
1 97
2 73
1 83
8 69
8 25
7 15
9 37
4 9
2 14
9 65
6 18
1 15
4 8
1 55
1 45
8 1
8 73
7 80
1 79
2 97
9 16
9 76
9 0
2 100
6 43
9 82
8 82
3 64
10 61
2 34
3 17
3 100
2 9
9 82
6 95
3 70
4 52
1 53
1 19
6 95
7 34
2 63
9 26
1 37
10 36
9 65
10 52
5 33
9 27
5 20
8 24
3 4
1 64
8 75
8 67
2 35
10 71
3 74
1 22
5 44
4 11
8 84
1 62
4 8
2 19
6 26
6 77
3 91
9 72
3 95
2 56
7 16
7 3
6 90
7 34
3 41
8 83
5 72
8 11
8 95
6 77
9 8
7 78
1 3
5 90
9 70
6 26
4 10
7 7
8 46
4 9
5 22
8 96
6 47
9 9
6 59
6 10
5 65
5 40
1 42
10 58
5 85
9 13
6 5
4 45
4 4
7 93
2 11
1 6
8 10
6 46
7 90
8 79
3 64
2 95
5 11
5 56
6 45
1 57
7 47
2 20
5 42
4 14
5 60
9 65
7 14
1 19
5 85
7 54
3 9
7 98
9 70
6 100
3 15
10 75
7 44
5 95
1 96
1 6
5 55
3 73
2 83
1 74
3 84
7 31
4 95
3 51
8 40
8 27
1 5
6 45
1 44
10 61
4 48
7 25
9 34
4 91
9 51
10 39
10 85
8 21
5 82
7 59
4 28
10 38
8 35
8 67
8 84
4 98
4 70
5 10
5 33
8 23
2 21
4 12
10 41
10 95
10 6
9 7
4 93
2 34
10 70
4 42
8 85
1 33
9 48
9 78
2 30
9 29
2 24
1 24
3 72
2 4
1 62
3 98
10 75
4 69
10 90
10 42
7 50
2 9
1 47
7 64
2 80
9 100
4 100
6 0
10 4
2 39
1 74
2 54
6 33
6 67
3 80
5 94
6 77
1 9
3 46
1 58
9 5
6 24
9 76
3 50
4 44
8 45
5 73
7 80
5 59
8 77
7 64
8 100
10 65
4 96
4 14
3 84
3 14
5 36
8 33
9 55
10 18
7 23
8 6
3 51
7 9
3 45
9 14
5 84
8 1
1 1
1 58
8 26
1 87
5 24
2 38
4 7
2 73
3 23
3 32
4 43
9 4
4 69
8 38
6 58
7 99
7 92
5 16
3 61
9 89
10 49
7 64
8 38
2 89
7 1
1 13
4 70
2 10
3 63
5 92
3 48
5 72
2 8
3 53
5 46
8 22
4 75
7 26
4 80
9 2
5 53
9 37
6 65
4 61
8 62
8 34
5 69
6 76
9 96
3 3
4 14
9 98
10 71
7 61
3 66
4 74
4 22
3 32
9 39
10 59
5 71
7 39
5 86
7 87
5 48
4 18
4 2
4 22
7 78
8 10
5 97
8 40
5 80
7 2
3 41
6 77
6 14
2 21
8 63
10 45
5 92
4 84
4 100
2 94
7 18
6 31
7 42
10 37
3 61
5 89
4 92
10 100
9 77
3 67
10 93
1 34
5 96
7 97
4 26
5 46
8 18
9 14
4 90
6 89
7 63
4 30
1 14
5 34
9 47
6 96
9 51
9 45
4 69
7 93
9 69
7 2
1 39
2 2
5 59
1 33
8 49
10 70
1 46
1 28
3 73
1 37
1 90
10 77
3 66
1 81
4 15
6 1
4 89
5 19
9 95
1 63
8 54
5 80
6 56
2 68
5 70
7 65
2 71
2 38
3 30
10 55
7 85
9 20
4 6
4 77
8 87
5 21
8 2
2 50
9 0
1 83
9 88
10 43
9 36
1 35
10 71
8 84
10 96
4 40
5 99
4 40
10 2
7 15
10 22
5 11
4 36
1 20
8 71
6 16
1 93
8 76
5 99
5 95
5 4
5 51
4 38
7 89
3 15
10 91
7 32
2 11
5 77
8 95
10 44
6 99
10 67
5 92
1 3
5 28
2 53
4 91
2 14
6 54
7 46
6 50
5 14
1 16
10 89
7 6
6 46
5 27
5 14
2 9
10 59
2 14
1 69
6 35
7 42
3 3
8 26
6 29
3 43
10 18
2 28
6 87
3 80
1 0
1 54
8 100
8 12
8 71
3 44
10 64
6 45
9 36
8 98
3 26
1 78
1 7
6 86
10 43
7 72
3 63
6 78
5 71
7 63
10 45
3 82
2 48
9 31
7 53
3 89
5 17
3 97
3 21
9 54
3 76
2 35
7 5
8 72
1 27
3 15
1 13
3 81
6 17
3 82
3 70
3 85
9 58
4 83
9 67
6 95
3 56
4 75
1 73
1 41
6 100
10 87
8 0
10 30
10 43
7 37
5 29
8 26
1 5
4 12
4 62
9 5
9 93
10 22
4 96
3 13
5 0
3 50
5 77
1 90
7 1
10 41
6 58
6 18
4 96
6 88
5 84
8 65
6 30
10 30
8 18
4 5
7 53
7 9
8 83
9 41
3 90
1 35
5 21
8 75
5 25
5 76
2 9
4 48
3 59
6 21
5 4
1 20
3 90
7 15
2 20
8 94
2 58
10 21
9 50
3 43
1 7
5 19
3 64
7 22
5 26
7 57
7 69
6 74
3 74
5 95
9 30
7 86
5 100
3 96
3 58
1 40
3 62
8 74
7 81
7 54
1 68
7 19
7 94
10 58
3 28
8 48
7 69
4 100
7 37
1 28
10 60
1 68
6 96
3 61
7 27
9 93
6 37
7 96
1 80
1 3
10 83
5 42
2 35
6 15
4 59
10 35
10 17
9 99
3 12
1 76
7 2
3 59
4 50
9 78
8 34
1 14
3 94
4 33
6 3
8 71
5 79
7 28
8 55
1 14
1 87
8 67
7 71
4 86
10 28
2 97
6 91
9 77
1 13
9 68
10 27
4 74
8 51
5 52
10 55
2 10
10 11
9 93
7 83
7 40
4 15
1 19
9 21
1 35
3 75
9 81
7 98
7 12
5 19
10 23
7 34
5 90
1 38
4 66
7 55
5 63
8 54
9 33
1 44
7 59
4 68
9 49
1 87
10 2
5 20
9 39
9 5
7 56
10 72
2 17
1 10
10 66
8 45
9 2
8 10
8 21
8 58
3 64
1 11
8 34
4 71
1 61
10 16
4 18
3 94
1 75
8 86
3 59
2 38
1 74
7 67
10 28
10 68
9 44
9 56
4 53
1 58
5 5
8 7
8 62
7 9
3 60
7 38
5 40
6 63
1 80
4 50
7 82
4 68
4 52
3 53
5 89
5 73
10 34
6 15
1 1
5 10
10 98
5 46
5 100
10 1
9 47
9 55
9 11
4 90
5 80
5 72
7 9
3 29
10 11
8 92
3 46
8 36
4 15
5 9
4 19
10 10
5 31
1 71
1 30
8 28
5 90
7 18
1 87
6 54
9 4
5 18
4 94
10 79
1 77
8 65
1 98
8 46
4 33
4 1
7 46
8 70
6 26
6 86
1 88
6 23
6 35
6 95
6 80
7 18
1 28
3 24
4 79
2 55
9 94
7 89
3 16
2 26
2 75
5 26
7 92
4 16
6 38
10 9
8 24
9 42
4 46
3 24
8 35
1 67
7 92
9 71
5 84
10 46
9 31
8 48
2 68
8 11
7 67
9 82
7 94
6 85
3 58
2 64
9 17
1 49
2 89
4 75
4 56
5 79
4 53
9 0
2 65
3 7
9 45
3 29
10 6
1 78
9 49
10 48
10 32
1 17
10 65
7 54
8 51
9 31
5 92
2 97
7 39
7 75
4 44
7 28
9 5
8 46
6 52
2 50
4 34
8 62
10 64
3 2
3 81
5 33
6 29
10 93
7 98
7 86
6 47
7 55
6 61
9 86
3 99
1 45
8 80
2 11
6 18
5 93
5 77
2 97
1 56
4 1
1 66
2 38
3 38
8 61
6 48
6 24
8 45
6 6
4 9
7 5
1 97
9 44
10 10
9 13
6 29
7 29
9 81
6 42
5 51
2 54
5 91
4 52
2 14
9 45
6 20
3 20
8 52
10 93
5 53
2 30
10 68
1 18
1 45
8 90
5 53
3 12
10 84
9 66
7 94
7 95
1 81
7 15
7 92
6 79
3 43
1 79
10 23
8 3
10 62
2 82
10 4
9 43
6 26
8 61
10 86
4 39
7 24
10 91
1 1
4 21
5 91
10 24
1 86
2 69
7 36
4 0
5 60
9 88
10 35
6 50
1 39
3 4
5 38
9 35
5 52
3 99
2 25
6 34
10 78
6 85
9 26
3 58
1 95
8 13
8 73
1 20
4 47
7 90
4 98
3 8
10 42
2 23
3 35
8 71
8 1
2 43
3 14
4 100
9 85
8 51
2 90
4 25
1 94
6 27
5 97
9 84
3 9
8 7
9 79
2 51
9 52
8 47
3 5
6 83
9 95
5 29
5 39
6 16
9 85
4 46
2 80
8 83
2 85
7 26
6 91
1 31
9 26
8 58
4 16
2 50
9 1
8 36
10 26
6 57
2 18
5 74
8 56
10 66
1 40
4 35
10 15
6 63
8 68
9 20
3 5
4 15
4 34
2 54
1 31
2 96
7 21
2 82
8 6
2 15
1 0
2 26
1 86
7 83
1 54
3 100
6 55
8 96
7 5
7 41
1 23
3 98
4 9
4 18
8 16
3 24
4 97
5 46
9 84
3 32
9 28
6 62
3 17
2 80
1 68
4 2
7 71
10 79
2 60
3 54
2 30
6 59
1 26
6 96
2 78
5 77
7 89
10 48
9 29
1 17
3 11
2 88
8 49
1 35
10 77
6 73
3 34
5 68
6 34
4 100
4 4
5 24
3 49
5 51
5 14
8 61
9 72
2 4
8 87
5 98
1 37
10 10
1 5
1 3
8 8
2 90
3 55
9 25
5 68
4 37
6 53
5 44
4 5
2 3
10 35
5 53
10 43
7 90
2 7
4 7
1 38
3 40
3 73
9 95
6 46
7 99
10 85
5 63
4 89
6 24
5 15
9 11
3 51
5 26
5 61
1 20
7 50
10 36
3 43
7 42
1 53
5 60
7 50
3 38
4 66
10 58
5 58
4 95
10 42
2 32
8 43
4 64
7 51
4 98
3 6
4 56
10 43
6 86
5 78
2 1
5 67
7 10
7 37
5 33
4 92
4 77
4 19
6 35
2 69
1 42
9 26
1 74
10 63
2 65
5 73
7 66
5 13
4 75
4 79
6 93
6 65
2 49
7 95
6 21
1 56
4 13
3 34
6 23
8 26
3 25
1 41
10 24
10 34
3 65
7 73
8 74
4 37
2 59
8 32
7 84
6 99
10 46
8 49
5 91
6 20
10 76
2 0
10 0
9 12
5 46
6 75
8 47
5 83
7 14
5 64
9 25
7 19
9 53
3 91
7 83
5 32
9 7
7 7
5 94
5 12
10 28
3 2
7 56
8 13
10 31
4 55
5 85
9 53
4 19
1 73
4 30
2 67
6 75
4 7
6 84
10 34
8 69
9 16
10 25
3 87
9 41
2 30
7 62
1 39
1 42
10 26
8 45
9 45
2 67
6 54
5 88
2 19
8 9
9 95
9 60
2 98
5 58
5 25
4 26
10 44
7 29
3 86
2 42
6 18
10 36
2 6
8 15
10 46
5 80
8 49
9 76
2 98
8 93
9 20
8 86
5 40
10 18
4 82
7 98
8 26
4 89
8 14
1 28
7 75
5 83
1 73
2 34
4 31
4 6
5 94
10 30
3 27
10 89
9 32
7 27
4 72
7 31
8 72
4 3
1 63
6 36
4 54
8 48
3 78
9 40
1 98
1 59
5 98
8 80
5 61
8 12
6 11
4 15
7 79
10 62
4 59
5 68
1 90
6 61
10 57
3 87
2 29
10 75
2 95
2 71
4 52
9 43
10 3
3 87
10 6
10 38
3 10
10 67
5 30
6 41
9 89
8 10
3 44
5 65
5 56
6 45
3 41
6 95
4 88
8 37
8 50
1 59
10 54
7 26
4 50
3 90
10 80
9 92
10 12
7 79
8 72
4 95
4 36
4 100
1 32
9 8
2 26
2 11
9 72
3 28
10 29
8 82
8 84
9 28
6 47
10 22
6 51
10 75
5 2
3 47
5 87
4 57
10 54
1 44
8 34
1 88
10 52
10 88
5 40
10 33
8 79
6 52
5 10
6 91
4 56
4 10
9 26
3 8
6 63
7 24
8 0
3 61
7 1
7 36
4 93
7 69
8 62
2 93
5 44
10 86
1 23
5 31
8 45
8 45
9 33
10 67
6 90
3 69
8 48
4 79
3 12
2 7
2 35
8 2
1 33
9 29
5 18
9 31
9 81
10 56
8 68
3 58
3 93
1 32
10 58
3 56
7 40
5 12
4 83
5 2
9 34
1 37
4 63
2 18
8 81
1 28
9 58
9 21
3 24
3 58
3 40
9 32
3 87
7 94
2 21
10 39
3 0
10 28
8 15
10 11
7 80
1 82
9 12
3 25
8 81
3 34
6 84
1 68
3 13
3 98
8 65
5 7
10 2
7 36
5 68
10 56
7 16
7 66
4 12
5 81
7 22
6 8
10 48
10 54
1 27
10 58
4 73
9 32
5 1
3 93
6 83
4 45
2 84
10 43
1 66
2 63
4 98
3 96
5 87
6 63
10 55
7 22
5 98
3 42
4 36
3 48
7 10
9 55
3 40
10 51
6 82
3 43
2 29
6 57
3 34
3 72
7 61
7 67
10 24
10 9
4 99
7 50
8 61
7 27
2 53
8 33
2 84
7 32
2 87
8 63
6 97
6 50
9 93
6 90
6 52
4 58
1 50
7 39
7 44
6 37
4 15
8 35
4 6
5 15
4 83
5 38
1 46
5 36
7 73
8 76
9 95
5 23
1 17
8 66
7 1
1 83
6 81
2 94
5 65
8 21
2 18
3 54
6 100
10 25
3 22
8 95
7 66
9 52
6 47
9 5
9 26
4 48
3 62
2 46
9 38
7 66
10 59
6 35
4 55
10 92
2 85
8 39
5 71
6 80
1 83
9 94
5 17
1 31
7 62
5 42
4 39
2 85
2 81
2 39
6 62
2 65
3 86
5 1
9 67
6 50
1 39
9 55
4 51
2 38
4 89
4 14
4 83
9 99
10 94
1 92
3 3
1 54
10 16
8 11
10 54
8 25
9 0
2 20
5 62
9 12
1 32
6 76
1 61
3 14
9 46
5 43
10 30
3 68
8 57
9 8
4 36
7 72
3 14
1 37
8 46
7 72
9 72
4 47
9 55
10 93
4 8
10 17
7 4
4 36
10 83
6 27
3 76
7 30
10 68
8 45
2 41
7 89
8 1
3 96
7 71
4 74
7 50
7 23
7 30
9 62
5 14
9 0
5 19
10 70
2 8
5 18
7 89
5 91
2 91
7 39
10 26
5 65
8 55
6 77
1 35
7 50
3 58
9 20
9 17
10 91
1 75
8 68
10 20
5 0
4 48
3 40
9 26
6 32
1 24
9 13
7 61
8 95
6 44
10 50
4 13
6 11
9 38
5 95
1 77
2 83
5 56
7 81
5 21
10 94
9 19
4 4
1 70
8 73
4 4
7 90
8 94
5 84
9 44
2 1
4 14
3 0
5 74
6 54
7 48
9 23
6 57
6 55
10 6
5 79
4 42
7 82
6 65
9 62
1 65
10 5
5 42
8 23
8 37
8 49
3 49
6 74
5 2
6 54
9 97
10 28
4 16
7 97
5 79
9 6
