10000
9 1
3 63
9 90
7 50
8 100
1 2
5 16
7 5
1 3
1 45
1 63
8 70
10 89
9 99
5 1
3 92
1 55
1 57
8 44
9 59
10 85
4 93
10 48
10 46
5 67
2 15
3 71
6 75
8 88
4 71
1 58
1 47
2 72
7 74
6 5
8 7
6 59
2 7
3 48
2 96
6 100
1 19
9 52
6 17
7 36
4 95
1 10
2 66
5 31
2 74
1 12
6 91
10 85
8 81
3 27
5 20
6 37
9 35
5 38
7 2
3 71
3 34
8 21
5 3
6 63
3 48
6 10
4 100
3 30
2 29
4 30
3 84
8 96
2 65
5 58
7 95
1 22
1 92
8 48
1 29
2 17
10 29
1 90
10 46
9 22
7 35
10 89
9 19
3 27
7 53
4 72
1 46
1 73
2 99
4 29
10 98
5 91
7 72
1 39
1 70
1 93
8 34
1 52
9 95
5 0
3 45
6 65
10 7
8 53
6 63
3 35
9 25
10 96
2 91
9 25
10 15
6 62
6 58
7 75
3 60
7 89
2 60
7 73
5 6
10 27
5 98
3 83
9 16
8 65
8 94
2 63
1 26
2 57
6 26
8 25
8 9
5 22
8 39
3 16
3 59
10 62
3 95
8 41
3 10
8 39
3 36
9 72
7 73
3 93
1 64
10 14
7 6
2 21
3 86
2 24
6 33
3 74
5 98
2 69
2 20
7 55
2 20
10 8
6 67
10 68
3 57
4 50
1 8
10 83
8 59
8 40
9 56
5 23
3 3
3 67
7 0
3 3
9 72
5 50
5 69
1 89
7 97
5 21
8 15
1 5
1 65
10 92
4 45
5 27
10 61
2 70
6 5
7 16
2 90
6 11
2 15
5 50
1 89
4 24
4 92
6 17
2 79
5 71
10 63
9 89
2 12
2 19
3 52
6 71
4 15
4 35
9 78
8 20
1 1
4 83
10 83
4 56
8 6
1 68
6 24
4 69
7 80
1 91
3 95
6 5
5 70
8 52
5 98
3 55
3 91
8 73
4 16
1 43
3 32
7 12
2 96
10 44
6 48
2 64
9 95
7 62
10 53
5 22
7 45
10 65
5 65
9 86
4 66
5 87
7 25
4 71
8 20
7 91
6 22
6 87
5 60
7 89
2 47
1 70
5 43
4 34
6 63
5 3
2 23
6 90
4 54
6 54
7 86
10 21
10 98
2 13
7 89
6 25
9 39
5 55
10 84
9 51
10 11
5 88
6 73
8 98
3 30
4 24
4 67
8 36
8 80
7 50
2 74
3 50
4 51
9 21
5 53
1 29
5 44
3 92
4 47
5 64
6 5
10 61
8 36
1 23
3 21
8 48
9 53
3 12
2 47
7 77
3 7
8 47
9 8
5 60
9 9
7 28
4 0
6 71
4 65
3 43
6 61
9 7
2 96
6 51
8 44
2 16
2 74
4 66
10 61
2 77
4 23
9 55
2 10
8 16
5 47
8 92
2 75
2 4
4 98
5 36
1 24
2 48
7 58
1 28
7 29
1 45
9 2
2 86
1 7
8 52
8 15
8 56
3 35
1 6
2 77
3 54
9 19
8 66
10 95
1 63
5 94
8 77
5 7
10 59
10 6
6 15
5 48
9 4
2 20
2 53
4 64
4 86
1 5
3 59
9 10
2 78
2 38
2 78
10 94
5 48
2 47
1 19
7 29
6 30
10 87
10 45
3 4
6 57
1 25
2 27
1 14
7 81
1 27
4 88
2 0
1 0
4 32
6 86
6 85
5 17
2 72
6 98
6 28
10 42
4 64
9 11
9 89
4 59
8 60
1 38
4 98
10 15
10 37
10 91
9 62
7 90
4 81
2 89
2 79
4 15
9 10
4 87
9 65
1 42
9 12
4 30
6 70
6 98
7 22
8 48
2 17
1 36
8 30
7 44
3 77
9 53
4 11
1 0
1 1
1 26
10 42
5 58
2 73
3 79
10 75
9 38
8 62
5 11
6 86
2 42
10 34
8 16
6 88
2 32
6 58
1 27
4 35
2 32
3 30
4 15
1 85
9 64
7 92
8 100
4 16
9 22
7 26
1 50
5 20
8 98
3 19
1 45
2 93
2 35
3 34
2 23
8 55
5 62
4 76
1 74
5 51
8 32
9 76
9 31
6 22
2 63
7 70
6 94
3 68
10 37
1 3
8 19
4 68
5 85
8 31
5 57
4 64
9 81
8 46
3 0
6 54
9 27
3 20
4 1
4 82
5 93
1 5
10 93
5 94
10 80
1 55
9 57
8 33
9 47
1 81
1 100
1 15
4 95
5 23
8 5
8 80
6 59
10 23
9 61
1 56
8 19
10 19
2 20
4 0
3 4
5 12
1 66
8 92
4 66
3 65
3 61
3 82
5 85
9 9
6 14
3 72
3 84
2 68
8 85
7 60
6 42
5 60
3 99
3 6
8 28
5 34
2 39
6 61
3 10
8 12
9 14
1 15
7 44
1 97
7 68
1 56
5 83
10 50
3 98
5 12
8 100
7 37
1 58
6 74
6 13
2 63
1 25
1 19
3 2
3 89
5 78
9 85
2 58
6 1
1 16
7 47
6 16
9 8
8 93
3 90
4 21
9 60
6 12
2 81
5 8
2 51
9 7
2 44
3 99
7 2
5 88
6 53
4 69
8 52
9 45
6 10
2 29
10 17
1 21
10 18
7 73
9 85
3 25
3 94
5 25
4 47
5 0
5 26
5 74
4 78
8 80
1 41
7 52
3 94
6 90
4 62
1 42
9 1
8 55
7 21
4 55
6 9
10 76
7 96
9 21
10 96
6 26
1 3
9 23
4 67
3 58
3 41
8 24
2 6
3 48
1 0
4 35
2 100
4 56
8 87
9 44
7 62
10 44
4 5
9 23
10 5
7 80
4 34
9 42
10 61
7 49
3 7
3 51
4 71
10 65
5 34
9 98
6 93
9 26
8 18
3 50
8 65
10 51
2 29
10 44
2 12
6 67
5 15
7 100
3 5
3 2
7 7
5 74
6 63
7 52
5 49
10 45
8 77
2 89
8 96
1 69
6 56
4 42
5 97
10 27
7 45
3 66
10 70
4 32
5 86
9 81
3 62
9 12
9 88
1 73
1 79
3 34
2 70
7 60
10 24
10 64
1 88
1 83
7 90
10 48
2 54
2 54
9 61
9 25
10 87
1 5
1 48
1 60
3 1
2 95
1 89
8 4
2 28
2 92
3 66
3 82
1 24
9 11
7 91
6 23
6 43
10 98
9 21
2 79
3 78
9 72
3 31
8 85
7 32
7 96
3 34
9 90
3 69
3 80
8 78
1 83
3 38
5 38
7 49
2 85
5 80
4 61
5 13
8 39
6 44
5 57
5 4
5 71
7 17
9 42
7 15
2 56
10 23
6 67
4 5
6 27
1 92
4 54
6 29
4 71
8 18
4 59
5 7
9 73
5 59
4 69
5 39
6 26
3 78
8 95
7 11
4 91
8 22
1 11
7 19
7 79
4 79
8 81
8 8
4 47
3 57
1 0
8 44
3 26
9 11
10 41
3 34
5 1
2 88
5 22
7 13
1 100
3 20
5 85
8 19
3 36
10 49
6 50
2 55
8 37
7 39
5 37
2 41
7 42
1 4
4 89
4 90
2 48
8 23
5 82
9 20
9 39
6 78
1 22
1 3
1 34
8 83
7 53
5 4
8 60
6 28
3 37
4 46
2 57
1 100
6 82
1 35
1 6
1 56
10 42
5 47
7 61
1 94
2 83
9 10
2 44
3 15
2 82
1 45
5 51
3 67
4 58
9 72
2 10
3 30
6 65
1 51
1 69
3 70
4 81
4 62
5 58
6 39
4 33
9 43
2 63
10 23
9 84
4 20
2 38
1 45
1 72
8 96
8 8
6 39
1 0
1 38
7 16
1 32
3 87
6 49
7 79
7 24
2 30
3 78
1 84
2 68
5 18
5 74
2 82
8 53
8 63
9 14
10 60
7 73
8 27
2 49
6 73
6 89
3 75
5 89
1 42
5 14
2 75
1 3
9 71
3 64
2 88
10 87
4 5
5 66
6 82
8 62
6 76
4 74
7 64
6 92
10 9
9 86
3 71
10 83
4 56
9 84
3 7
8 20
9 76
6 7
9 96
8 96
9 97
7 70
5 94
4 9
9 6
7 32
4 99
5 76
2 76
7 33
4 33
6 27
9 48
8 78
4 19
3 70
6 35
8 14
4 23
8 0
10 72
2 95
9 55
3 80
7 95
8 90
1 8
7 94
1 51
9 16
8 82
9 19
9 28
4 93
2 22
3 34
6 20
5 38
2 98
4 17
9 100
4 47
3 54
9 50
4 38
5 75
9 83
3 63
1 84
1 7
5 58
4 54
3 18
7 58
3 58
3 21
8 67
4 41
3 70
2 31
10 74
3 26
1 36
7 14
6 32
6 22
6 38
3 15
9 35
2 42
3 56
6 31
5 24
4 95
4 10
3 82
6 100
6 48
2 48
9 12
5 9
2 51
6 24
3 77
2 80
2 11
8 34
3 6
9 25
8 0
7 82
3 57
5 31
9 30
4 82
7 9
10 93
5 40
10 84
2 10
7 3
10 65
3 85
4 45
5 99
7 20
2 77
9 100
6 68
6 5
10 35
6 22
6 99
6 70
8 98
2 86
6 32
1 74
10 84
10 31
4 96
4 32
2 100
8 30
1 64
4 80
10 62
5 35
6 57
1 40
10 92
9 13
2 13
7 21
4 98
3 94
5 39
3 30
10 39
9 90
6 19
3 13
10 20
1 98
9 14
3 53
2 2
4 6
5 32
10 11
4 35
2 83
1 44
6 70
5 59
3 38
4 60
2 37
5 21
4 49
9 17
8 24
6 16
8 86
3 46
7 85
2 45
8 76
5 45
4 15
2 71
7 13
8 21
5 75
1 17
1 82
9 79
10 100
3 65
3 60
6 79
10 2
4 37
10 0
4 33
1 73
4 28
10 18
10 70
3 77
7 87
10 38
3 95
3 78
10 89
10 28
7 8
10 38
8 56
9 6
10 20
10 11
7 38
3 6
8 36
8 64
5 92
4 47
3 100
2 19
6 31
7 87
1 86
7 83
10 47
9 83
5 81
5 91
1 62
10 46
8 5
6 69
8 16
1 50
5 92
10 100
1 90
4 31
2 60
10 2
2 62
4 19
2 0
9 54
9 3
10 21
4 73
3 69
10 14
5 30
3 28
10 59
4 92
7 27
10 86
1 19
6 21
2 95
6 20
6 12
2 61
5 99
9 98
10 61
10 0
2 100
9 24
4 38
2 51
6 55
10 68
7 10
3 28
9 69
8 45
7 69
10 16
2 91
3 30
10 1
4 2
7 12
3 40
8 45
1 84
3 49
6 48
7 100
9 87
10 13
4 3
2 26
1 66
7 93
10 69
9 69
3 91
7 96
4 5
9 40
6 79
9 72
4 80
6 2
6 90
3 77
5 34
7 57
6 49
4 10
4 19
5 26
2 39
6 21
7 89
5 62
8 38
6 39
4 20
4 23
9 81
5 83
4 16
3 83
2 80
2 22
6 91
3 67
9 75
1 90
10 20
3 12
8 67
9 37
5 63
6 11
4 98
1 46
1 79
6 67
7 81
9 85
8 66
9 54
4 96
2 48
3 34
2 81
10 80
5 90
10 87
4 55
5 80
4 98
4 52
6 73
9 84
4 58
2 63
7 79
5 27
1 56
10 30
5 57
9 100
9 64
2 3
9 80
6 31
2 16
2 76
8 42
9 26
9 30
8 36
6 80
9 54
1 89
8 5
6 22
5 7
8 39
3 13
9 75
9 87
10 74
1 38
3 51
6 74
10 92
3 65
5 88
10 4
4 100
4 3
3 62
4 22
9 93
8 98
10 23
5 42
4 47
6 58
7 96
1 18
5 71
8 96
9 17
5 1
10 14
10 99
2 2
7 49
9 5
10 21
1 24
9 44
3 48
6 85
5 78
10 9
4 4
8 76
6 95
9 3
9 38
1 66
10 7
2 28
1 9
9 70
1 62
5 67
7 16
2 90
1 64
8 10
6 90
7 21
2 81
2 9
10 84
7 21
7 69
1 36
3 21
6 1
2 73
1 21
5 65
2 29
7 81
10 88
5 69
4 98
7 69
7 63
4 43
5 34
7 90
9 36
6 11
4 39
4 36
9 84
2 28
10 64
5 79
5 42
6 96
7 75
10 45
9 38
9 15
2 7
6 0
6 29
7 67
3 78
9 16
4 61
5 52
5 78
6 43
5 88
4 33
5 11
2 35
4 75
4 67
7 12
1 30
7 22
10 42
4 34
8 91
1 26
1 76
2 41
4 42
5 17
3 92
5 83
8 79
5 81
8 89
1 59
4 96
7 0
1 95
1 79
2 89
6 26
7 71
6 13
9 67
3 58
3 14
9 53
3 18
9 48
7 49
5 71
3 69
2 48
3 37
7 7
9 10
2 3
10 60
3 41
3 73
5 50
8 54
7 9
2 71
10 43
9 88
2 5
1 100
3 50
9 43
1 44
10 46
2 79
10 64
8 0
3 2
8 91
3 94
3 65
8 75
3 10
7 88
1 84
10 69
9 62
5 89
4 58
8 72
1 83
7 85
7 51
10 78
5 72
2 93
5 36
5 11
5 12
10 36
3 14
4 67
9 99
1 90
1 18
9 6
5 40
7 24
5 56
2 31
6 14
9 22
7 0
5 0
1 67
2 47
4 4
2 75
7 0
4 50
2 13
3 48
3 46
2 42
1 5
3 10
7 69
7 33
6 62
6 82
4 64
9 24
9 63
2 84
2 35
5 18
7 52
1 62
8 92
6 36
6 30
5 34
6 40
5 36
6 100
6 31
3 62
3 59
7 40
7 69
1 80
1 58
5 82
3 33
4 90
7 96
1 41
3 26
10 26
3 72
5 78
8 30
5 43
4 32
5 23
3 23
3 22
4 55
3 68
8 92
7 76
2 37
5 51
8 6
7 13
9 96
6 41
9 92
2 40
6 20
4 46
9 97
7 9
8 57
8 99
8 72
10 81
3 43
7 100
4 17
2 94
9 49
1 77
1 17
3 93
10 74
3 37
5 81
2 32
7 4
8 67
10 97
7 95
1 49
4 21
4 62
5 69
2 54
4 80
2 87
8 47
2 13
2 40
1 26
8 51
10 63
9 58
2 15
8 42
8 73
8 59
10 79
5 93
2 9
4 67
2 35
4 25
7 1
1 23
2 7
6 64
9 88
5 80
6 57
7 61
1 10
1 30
5 49
2 46
5 21
8 32
5 59
3 90
2 18
6 10
5 29
4 61
7 85
9 60
7 7
6 97
1 0
5 77
4 84
6 45
5 92
10 96
1 63
4 14
9 16
5 87
4 27
1 95
5 23
1 24
10 99
1 60
9 14
6 12
9 46
6 48
10 37
4 14
7 96
9 93
3 26
8 78
10 47
4 20
4 90
4 80
5 95
3 1
9 60
5 60
2 97
7 76
9 22
10 49
1 84
1 50
1 55
1 84
4 72
9 68
9 42
6 27
4 12
4 19
3 95
3 31
5 16
5 2
9 97
8 80
3 45
9 82
6 18
8 100
7 70
9 20
4 42
3 62
7 81
8 13
9 58
1 95
7 15
7 42
5 28
5 75
2 46
10 21
5 94
1 70
4 23
5 87
8 23
7 76
10 15
1 86
8 63
2 93
3 12
2 32
5 62
1 17
7 68
9 98
8 60
8 83
8 6
5 73
8 43
5 41
2 81
6 29
5 12
8 73
5 100
8 74
9 45
4 90
10 18
9 22
4 54
2 11
4 65
5 38
6 13
10 23
9 69
5 25
10 74
4 46
9 31
1 8
7 58
1 76
5 85
4 2
6 26
3 15
10 7
4 9
5 96
4 83
1 75
5 39
1 12
1 3
2 82
6 42
1 9
1 68
8 55
8 8
7 23
6 53
4 17
7 50
2 7
4 84
4 66
4 11
2 18
4 45
3 27
10 45
2 28
5 83
10 54
6 4
4 6
7 64
3 79
2 1
7 58
1 57
8 46
10 62
5 29
4 86
1 90
9 15
7 14
2 68
9 37
9 99
6 59
8 56
8 1
3 10
6 77
4 56
7 49
5 16
5 0
6 39
2 88
5 10
7 91
10 98
3 68
9 86
9 23
6 64
1 53
7 3
1 71
3 52
9 23
7 29
5 15
10 57
5 29
7 78
5 19
8 17
9 11
1 90
2 31
10 84
1 44
9 22
6 62
8 48
1 92
7 83
6 32
6 50
9 80
7 6
1 87
5 71
4 25
8 34
10 41
4 23
5 11
6 34
7 0
2 73
4 1
6 4
7 9
1 68
9 28
4 3
3 43
5 43
4 12
6 86
5 3
9 70
7 9
4 42
8 74
9 27
1 67
9 36
5 75
6 23
5 26
9 1
4 56
6 7
7 41
9 69
9 55
4 36
10 76
9 62
10 33
6 94
6 33
1 44
2 17
4 64
8 79
6 16
8 36
6 53
7 41
7 50
1 35
2 93
9 6
8 3
9 65
2 83
9 99
2 75
8 82
4 89
10 67
6 84
1 76
5 91
9 54
9 61
3 14
9 4
7 73
5 42
8 43
3 53
6 46
1 30
7 87
9 47
2 22
10 10
2 8
4 38
4 56
2 68
5 31
6 94
8 95
7 7
8 5
2 12
6 97
7 36
8 40
1 91
6 90
9 88
4 38
3 15
3 41
3 60
6 97
5 73
4 8
8 64
2 18
1 99
4 22
4 5
3 25
5 3
4 38
6 17
8 10
5 39
9 56
6 47
6 70
2 56
6 69
3 72
1 87
2 84
2 53
1 58
9 95
10 10
3 99
2 19
7 66
1 53
8 35
8 71
10 75
4 53
6 45
9 89
1 1
2 37
5 96
1 86
5 85
6 40
2 88
6 85
6 73
1 49
2 44
6 43
1 24
1 70
9 87
2 87
8 29
7 31
5 86
8 55
8 68
2 45
8 73
7 69
5 60
4 69
8 16
4 0
3 11
3 83
4 38
6 42
1 54
9 12
6 33
5 15
8 17
7 42
6 8
1 95
8 65
10 40
10 9
1 19
4 71
7 8
6 61
6 5
4 46
10 86
9 82
6 4
3 41
7 56
8 3
10 25
1 50
5 6
5 33
1 70
6 40
4 41
5 11
6 21
8 32
5 62
2 25
1 71
3 71
10 61
1 41
6 86
10 63
10 50
4 6
7 87
9 53
7 17
7 65
9 57
4 22
1 46
2 13
7 51
7 17
4 85
7 44
8 21
1 97
6 69
7 48
3 34
3 1
1 30
9 67
8 6
1 82
6 62
5 10
4 36
8 58
6 18
8 45
6 38
9 61
10 100
10 69
1 21
9 98
10 55
10 74
9 14
4 25
6 17
3 89
1 18
5 69
1 44
9 35
5 100
4 94
5 80
3 23
9 34
7 53
2 50
6 82
10 12
9 69
10 97
7 82
5 26
2 52
4 16
8 20
5 88
8 4
5 92
10 46
4 8
6 58
3 14
10 17
3 100
4 35
3 98
6 89
9 66
10 7
5 19
8 58
2 43
9 5
9 53
8 42
8 91
6 76
1 20
4 45
9 39
7 97
2 38
7 86
8 85
9 52
1 18
2 12
5 24
10 23
10 24
1 34
1 30
4 54
9 86
3 44
5 54
3 99
7 37
8 17
7 46
4 47
7 38
9 14
2 32
4 25
4 78
6 62
8 48
6 92
5 62
3 93
6 50
9 94
7 8
8 20
8 48
1 71
7 46
10 42
3 9
10 80
8 56
6 96
10 35
1 32
5 57
2 1
1 74
5 82
4 85
2 28
2 40
4 40
6 47
8 80
9 95
7 89
1 17
10 42
4 84
10 49
6 80
4 57
8 9
4 92
4 42
7 47
7 96
7 0
1 71
8 39
4 23
5 5
7 25
3 10
7 96
4 3
10 34
6 93
2 75
7 58
3 84
9 59
8 76
5 91
3 44
8 76
3 98
6 32
6 46
4 2
2 14
1 5
10 72
5 74
1 100
1 59
1 78
4 52
3 0
2 70
2 48
8 48
2 37
8 71
7 42
4 89
5 50
4 18
2 88
4 91
10 82
5 36
4 53
6 39
2 28
5 29
10 2
10 95
7 40
6 60
10 81
1 21
10 10
1 34
6 68
7 53
2 2
5 51
6 89
7 57
7 65
7 36
6 38
7 4
4 97
4 37
3 71
5 81
5 98
9 60
9 12
4 21
7 9
8 98
10 5
1 13
10 22
7 32
5 94
2 53
5 41
9 39
10 31
1 77
4 50
9 76
5 18
5 59
3 58
8 31
1 73
10 6
4 50
6 22
4 7
8 14
9 79
7 35
7 81
6 23
8 68
2 17
8 8
7 80
4 46
5 55
10 45
9 5
7 26
2 37
1 5
9 38
5 65
1 70
5 79
9 24
10 61
9 65
3 82
9 6
4 33
4 88
6 90
6 84
7 85
6 64
6 44
8 32
3 43
8 48
2 94
4 60
9 46
6 59
9 30
10 86
8 23
6 46
6 82
9 8
10 38
9 67
1 67
9 44
9 50
4 12
1 45
9 52
4 73
9 78
4 24
6 27
9 7
1 91
1 21
1 85
9 82
8 40
8 31
10 5
6 46
4 20
3 42
7 98
6 32
9 62
6 87
4 65
5 38
6 52
8 87
1 57
5 97
8 86
7 8
2 47
2 69
10 82
2 15
2 53
5 34
10 36
8 96
10 74
3 18
8 79
2 51
4 65
2 58
5 65
10 95
4 18
3 1
7 12
6 0
3 56
2 8
6 56
5 12
2 31
10 96
2 16
4 33
6 60
1 73
6 99
5 44
1 21
8 49
6 48
9 36
3 47
8 12
6 43
6 68
10 29
10 59
6 36
10 9
3 95
8 12
8 63
9 10
1 50
3 64
10 51
5 95
4 13
4 27
5 49
3 77
4 28
3 92
7 1
3 82
5 95
6 85
6 90
1 67
1 71
10 43
4 26
10 19
1 91
3 47
5 31
2 90
6 10
7 89
9 86
4 31
2 24
2 12
10 84
3 95
9 38
3 38
3 2
6 15
10 5
6 67
10 90
10 78
6 80
4 98
8 52
9 94
5 82
4 12
6 38
2 6
6 29
3 20
1 68
9 45
1 27
6 45
10 84
3 74
7 57
6 71
7 26
8 28
6 29
8 62
5 2
7 78
10 74
3 1
4 10
3 73
9 98
1 71
4 76
4 39
1 58
2 94
7 67
1 95
4 91
9 62
2 70
2 67
6 85
6 35
7 37
5 78
6 30
4 8
2 21
3 28
7 31
5 21
9 95
10 96
5 4
1 22
8 8
7 7
7 15
3 20
10 19
3 15
8 60
9 65
1 31
2 73
2 49
10 77
9 100
7 37
3 45
1 21
7 43
6 62
7 11
4 35
4 17
1 34
6 13
9 10
5 3
5 18
7 83
2 24
2 48
1 60
2 72
10 45
9 92
6 7
6 55
1 92
5 68
7 13
8 84
5 49
8 86
8 45
5 20
5 41
6 68
10 93
5 79
10 93
2 44
1 29
2 36
2 11
4 6
4 40
9 59
3 96
6 4
2 41
5 0
9 56
5 30
7 47
4 14
4 62
2 31
6 34
9 100
5 46
8 29
8 47
2 83
3 81
5 42
9 25
2 94
1 45
7 23
10 25
2 67
8 16
1 19
10 50
4 31
6 57
5 1
9 81
4 5
8 11
4 88
5 17
8 31
10 70
1 71
8 70
6 15
5 41
5 19
10 52
2 69
6 80
6 69
6 41
2 19
4 49
6 83
2 53
10 36
5 70
10 23
2 29
9 42
6 59
1 36
1 29
1 34
8 31
4 71
6 99
8 4
8 61
3 67
7 31
8 52
9 79
9 42
6 44
3 69
3 70
3 15
9 15
9 39
5 83
6 89
4 25
8 72
5 25
6 41
2 3
8 77
8 65
1 11
2 68
8 54
1 2
8 51
3 1
1 95
4 61
5 60
6 77
3 76
7 98
1 61
2 85
10 33
5 51
7 56
3 9
3 87
3 53
6 52
8 95
10 36
2 70
8 2
4 74
9 45
1 13
3 100
6 22
1 83
10 11
3 65
4 0
6 44
10 47
6 89
10 61
3 68
6 86
2 91
6 8
8 41
5 28
9 11
9 17
1 10
1 54
9 68
9 36
4 98
7 81
3 92
5 82
4 88
7 52
6 63
5 100
5 17
4 4
1 28
10 4
9 9
10 57
8 39
8 52
8 95
3 46
7 9
4 95
5 5
3 10
4 81
4 51
3 79
2 98
1 2
9 46
4 2
10 13
7 3
9 87
5 68
9 29
1 70
8 3
1 84
7 52
2 34
9 57
1 63
7 18
4 42
1 78
9 36
10 71
7 41
2 94
7 48
3 64
9 73
5 76
9 44
10 75
9 22
9 12
10 57
10 32
6 70
3 40
8 46
7 93
5 48
8 29
10 65
7 5
4 42
3 54
3 95
8 9
2 88
5 36
3 67
6 95
7 84
3 60
10 6
2 100
1 90
8 70
7 71
9 48
7 69
4 1
3 86
10 23
10 80
7 12
2 81
7 29
1 42
6 33
3 16
10 91
3 21
8 26
8 43
8 70
4 31
3 46
3 12
9 46
9 44
7 85
4 22
10 28
6 23
8 68
3 45
5 34
2 88
9 74
6 6
2 17
9 56
5 79
5 89
7 33
6 1
7 42
10 32
2 54
10 54
1 44
3 69
1 10
10 79
4 94
5 3
3 64
4 58
9 100
1 92
4 0
7 68
7 59
6 59
5 34
6 5
10 23
4 55
5 18
6 6
3 84
7 53
5 26
3 96
9 9
5 78
1 2
2 75
10 4
4 46
8 17
3 4
2 95
10 7
1 63
1 23
7 94
10 64
9 49
10 21
3 79
4 50
9 2
3 13
1 0
1 9
6 63
10 81
8 70
9 96
2 4
6 60
8 67
9 77
3 8
3 17
9 37
5 19
7 7
6 6
10 63
7 89
4 77
1 12
5 8
9 0
6 15
10 100
6 86
5 16
3 23
8 14
2 84
1 46
1 63
8 34
5 42
6 54
10 78
5 85
5 51
4 29
4 73
9 23
4 88
9 1
8 4
2 70
9 28
3 54
1 92
1 83
2 38
9 99
4 50
7 52
2 65
7 64
8 10
10 34
1 62
7 44
7 57
3 4
2 66
6 59
7 43
2 35
7 32
7 56
4 78
6 92
1 99
10 65
9 59
10 19
9 7
9 22
3 63
5 0
5 61
1 15
3 24
2 61
3 12
8 6
5 83
5 57
3 70
4 16
5 1
4 67
6 44
2 33
1 87
4 20
4 45
9 64
7 79
6 22
8 26
2 93
9 21
2 45
7 11
1 17
10 40
7 84
4 9
6 55
6 13
10 70
2 44
2 78
8 79
6 9
10 54
2 76
7 39
10 39
2 4
2 50
2 97
10 50
4 80
9 68
9 14
6 86
9 93
2 98
4 34
4 90
1 6
1 67
7 37
2 17
6 71
2 74
8 80
1 10
10 3
1 64
3 14
4 22
1 96
7 74
9 57
8 15
5 54
7 23
4 41
3 86
7 26
10 41
1 82
2 45
10 49
2 37
9 59
10 73
10 78
5 65
1 8
6 21
3 49
9 41
7 16
6 77
3 92
7 93
4 5
9 13
10 51
1 27
1 20
7 65
1 2
1 53
7 59
4 50
3 71
4 82
7 20
7 86
6 6
4 95
5 86
7 4
9 90
10 27
7 22
9 18
1 1
6 51
3 59
8 28
9 15
7 62
3 10
4 43
6 64
2 24
3 99
1 22
3 20
6 50
4 42
10 62
6 52
1 9
10 67
1 16
10 8
9 13
6 90
9 81
5 40
6 68
2 66
10 54
5 87
9 100
3 66
1 28
1 63
2 82
4 63
3 49
10 71
6 15
1 92
1 45
4 97
10 99
5 64
6 54
7 23
7 37
1 95
1 73
7 9
6 86
6 37
2 28
5 5
1 96
3 10
8 9
6 34
2 4
5 55
3 60
8 81
3 95
1 95
7 74
2 90
9 33
5 54
6 62
10 60
3 63
5 8
10 81
1 46
8 15
9 94
3 53
5 18
7 7
10 38
5 99
10 20
10 36
3 9
10 68
2 52
3 8
6 37
9 8
4 12
1 60
4 64
7 12
4 33
4 39
9 53
7 84
8 26
4 25
4 40
7 5
4 89
6 46
7 73
1 58
9 79
9 35
2 65
7 1
7 63
5 8
9 43
2 54
2 20
7 15
1 55
2 53
2 11
6 93
1 57
6 90
4 41
8 51
7 31
2 55
10 22
2 4
3 22
9 3
10 11
5 38
4 74
8 84
8 95
9 95
10 48
8 59
6 50
3 4
1 66
7 77
1 10
4 11
2 98
8 36
5 0
2 15
7 81
7 20
6 77
10 95
6 9
1 95
9 63
10 9
10 23
6 58
10 100
5 29
2 16
3 36
5 35
3 22
3 25
5 57
8 23
9 30
5 72
9 16
9 17
3 100
1 6
9 57
10 92
6 78
4 41
4 67
4 45
3 13
5 1
5 37
4 72
10 96
4 28
1 95
3 94
5 98
7 46
8 100
3 28
3 67
2 58
2 7
2 44
7 34
3 4
5 77
8 27
1 9
2 78
8 99
3 75
3 63
1 71
9 45
6 53
7 61
9 70
3 26
4 76
5 57
1 75
6 60
1 77
5 15
1 70
9 53
9 25
10 72
7 51
10 79
7 65
1 95
9 90
9 9
10 97
9 11
8 26
3 68
9 42
6 19
8 80
6 89
3 43
1 63
2 67
4 81
4 9
3 67
4 100
2 74
4 80
5 95
3 32
8 61
5 72
2 28
5 73
7 16
3 36
10 43
9 65
3 65
7 22
7 38
10 14
8 44
6 91
8 33
9 47
8 26
2 1
8 30
7 21
5 6
9 90
5 78
10 33
1 11
3 32
4 51
3 67
4 82
2 29
5 35
7 38
6 59
1 27
3 60
10 79
2 10
3 75
6 57
10 81
10 12
7 61
10 7
7 31
8 5
1 99
7 23
8 80
2 64
1 65
10 25
3 27
7 63
7 50
7 86
4 79
6 12
4 44
2 85
2 100
5 0
5 100
4 60
1 24
2 23
4 69
4 8
8 64
7 80
5 14
8 65
1 1
8 37
7 69
5 96
5 99
4 85
1 97
2 25
3 72
9 91
9 31
2 92
8 73
8 98
4 76
3 43
3 40
1 33
6 63
7 78
9 3
2 62
6 46
9 35
9 28
7 5
2 48
4 74
2 1
10 68
2 53
3 42
4 32
5 28
10 10
8 87
2 68
1 69
3 59
6 46
2 2
8 47
3 73
4 30
2 23
10 0
10 19
5 39
9 7
2 94
10 42
7 63
6 62
8 32
2 79
10 55
3 82
4 42
8 98
1 13
6 18
5 77
10 62
10 27
10 75
7 23
7 30
4 41
2 91
4 26
3 9
4 58
9 87
4 45
1 31
3 37
2 74
6 9
7 8
8 21
9 15
10 5
8 39
4 12
1 71
8 71
9 38
10 65
1 13
7 100
2 6
7 75
8 36
2 39
6 79
5 15
5 22
5 76
10 37
10 12
2 54
3 37
9 42
3 12
8 94
3 77
8 36
1 94
4 25
1 88
1 52
7 52
8 13
4 16
5 76
2 86
8 100
9 8
10 0
9 56
2 25
1 16
6 82
5 2
9 64
5 45
3 93
1 25
4 64
8 37
2 96
4 16
3 25
1 38
10 26
4 38
3 86
1 54
8 9
3 86
7 88
4 80
2 31
4 16
8 42
6 21
3 7
5 48
4 71
9 62
6 8
2 67
10 32
6 74
2 77
7 74
8 100
8 35
2 91
10 94
1 55
6 43
3 17
4 57
2 80
3 43
3 79
3 31
7 56
6 95
1 38
1 34
2 40
5 22
10 64
8 37
5 76
5 45
6 43
4 44
9 5
2 71
7 94
6 4
2 51
3 45
2 20
7 3
5 55
3 47
2 94
10 43
5 86
7 68
2 99
2 66
7 30
10 27
5 45
4 85
5 18
4 75
4 57
2 59
5 16
3 88
5 34
3 95
9 53
7 19
7 21
1 31
7 57
4 61
4 80
9 12
7 26
10 65
9 53
4 89
3 96
6 96
2 53
10 86
7 75
2 8
3 83
9 33
8 24
7 74
6 90
2 7
4 7
4 35
6 1
5 4
4 19
1 55
2 70
3 48
10 41
2 31
10 8
6 31
6 32
8 86
9 27
4 13
4 73
1 35
3 10
10 54
7 65
3 87
2 76
2 57
4 24
1 91
2 38
7 47
3 68
1 62
7 49
6 61
10 46
10 4
4 57
3 49
3 31
5 40
1 7
8 12
3 2
7 81
4 77
5 31
7 18
8 41
8 100
3 11
9 77
1 69
6 10
8 80
8 89
10 91
5 68
10 71
6 30
4 10
8 47
1 41
2 78
5 86
10 60
7 79
6 31
9 8
10 48
10 84
8 58
7 6
10 97
4 7
10 17
6 17
5 8
9 19
1 86
7 51
8 18
10 27
1 68
3 25
7 92
10 92
9 35
4 8
3 15
5 52
10 26
4 78
1 77
7 7
4 48
7 43
7 84
7 30
3 26
2 69
4 18
10 60
4 56
6 43
3 15
3 79
10 1
5 31
9 12
10 56
2 59
5 51
4 18
4 37
5 22
5 29
5 47
4 89
8 2
8 37
3 37
4 30
7 62
3 23
9 43
1 33
4 16
10 17
7 16
9 10
2 14
1 76
6 60
4 33
2 33
3 100
4 10
3 13
5 5
4 15
3 7
1 25
6 12
3 88
7 34
4 79
1 43
4 87
9 96
2 41
8 36
4 25
8 21
2 4
2 43
5 13
8 61
7 64
2 20
3 22
9 26
1 29
4 48
2 9
3 29
9 32
8 74
8 85
6 48
6 94
3 53
3 69
9 6
5 72
1 65
10 86
10 65
4 89
1 72
2 30
4 68
4 27
2 72
3 62
1 64
5 96
2 3
9 42
9 78
7 13
4 74
6 72
3 33
10 48
7 37
7 62
8 36
5 88
1 99
2 83
7 58
3 22
1 2
7 30
5 79
1 37
9 45
9 34
5 14
1 63
3 72
6 24
2 19
6 32
9 67
5 29
4 35
6 98
7 83
10 68
4 5
2 17
6 7
9 68
3 80
10 92
2 68
9 74
8 91
5 62
10 82
9 50
8 46
1 15
10 91
4 51
6 14
9 6
8 13
10 45
7 28
1 81
9 47
2 14
4 47
7 81
2 1
6 29
5 11
9 8
9 48
3 32
5 62
10 44
1 71
4 91
9 94
3 37
4 12
9 16
8 44
3 13
3 30
10 48
3 24
4 66
4 6
8 97
8 65
4 72
9 79
1 68
3 14
4 76
8 27
4 47
5 25
3 92
10 34
3 25
3 6
2 27
3 83
2 79
6 61
6 63
7 94
7 86
9 30
9 59
2 62
1 83
9 46
8 65
1 43
4 49
7 27
1 18
6 87
9 77
7 37
4 54
10 59
4 31
1 9
8 54
1 50
8 77
2 86
2 45
4 94
1 77
6 27
10 81
2 95
6 52
5 59
8 17
5 87
9 63
3 74
2 73
6 1
2 83
1 35
8 37
3 88
8 68
3 47
2 20
3 90
8 16
4 100
2 15
9 52
10 4
1 51
9 58
6 56
1 76
4 30
1 30
5 67
3 69
1 27
8 93
5 66
7 29
10 96
4 28
4 24
3 94
7 93
9 66
5 5
8 59
3 30
9 75
6 12
4 22
7 15
7 58
2 66
5 17
7 18
2 79
7 25
7 57
1 45
7 20
9 72
3 79
3 30
10 100
8 73
2 99
3 4
9 29
5 87
4 32
2 41
2 13
2 17
8 26
7 33
1 85
4 42
1 29
5 55
5 22
7 90
6 9
10 80
5 100
2 14
9 99
6 81
1 23
9 92
4 16
5 36
5 41
2 54
6 56
4 8
2 73
4 30
10 23
8 54
7 70
5 4
1 4
1 48
6 92
3 39
10 80
4 25
8 33
6 37
1 13
9 71
2 63
5 70
10 70
3 71
5 26
6 62
3 30
7 66
3 88
1 30
3 15
9 98
1 50
4 35
3 11
4 76
1 5
10 34
2 60
3 19
4 39
8 68
4 3
5 1
5 69
9 51
2 93
10 98
6 12
3 42
8 7
2 4
2 31
4 17
5 77
8 38
5 16
1 67
1 86
9 14
3 32
9 70
2 57
1 5
3 19
6 80
3 79
5 86
6 54
6 25
7 36
5 37
4 78
4 72
8 59
5 50
8 34
6 12
1 63
4 27
8 73
7 1
1 6
5 67
4 68
7 33
10 24
7 87
7 28
10 2
9 50
3 24
1 57
4 63
4 47
2 69
9 12
9 6
2 85
4 13
10 41
2 71
9 27
5 47
10 17
6 75
9 81
3 10
5 5
9 13
1 22
8 19
5 48
4 50
3 81
7 28
8 76
10 16
3 14
8 76
2 14
5 62
1 94
2 0
5 94
3 31
4 63
2 13
9 76
2 48
9 32
1 14
9 43
7 59
4 0
1 19
1 14
5 66
1 20
6 96
5 39
6 59
10 51
5 95
10 90
5 23
6 28
9 15
8 55
1 93
10 64
4 78
9 12
1 4
7 67
10 55
1 32
7 7
4 85
5 48
6 70
6 13
8 9
2 24
4 29
10 90
10 5
3 90
1 42
9 32
1 77
10 66
3 6
2 17
9 11
8 70
1 31
5 62
1 84
5 40
4 47
8 3
4 39
5 37
4 25
5 38
9 24
7 92
3 76
9 82
10 23
3 94
1 31
8 59
7 93
4 21
4 44
6 4
7 67
9 67
6 56
4 40
5 79
2 30
2 88
8 94
7 97
5 45
6 71
5 79
7 15
8 76
8 92
8 24
6 95
2 100
4 64
2 3
3 80
8 46
8 100
3 4
4 81
7 33
2 87
1 51
9 54
10 50
3 10
6 81
2 70
5 27
8 59
3 98
3 92
5 58
4 20
8 31
4 50
3 76
5 2
1 97
1 86
2 7
3 55
4 96
2 30
3 97
9 4
7 86
6 83
9 53
9 0
9 66
7 9
4 15
3 95
1 68
4 4
5 15
8 65
8 95
3 31
5 94
9 33
10 89
3 60
2 11
1 59
8 6
8 69
10 47
2 29
4 67
10 57
7 86
1 97
2 84
7 46
5 92
9 95
4 68
6 100
3 87
3 30
9 59
2 70
10 79
10 47
10 88
2 31
10 53
1 44
10 78
10 62
1 89
2 81
8 56
3 87
1 17
1 63
8 56
1 76
6 15
6 31
6 41
6 40
10 64
6 15
8 25
9 80
10 10
1 73
1 46
8 89
4 36
8 86
3 40
2 37
6 87
4 85
6 37
9 18
6 16
2 56
9 6
5 97
2 2
1 77
7 85
5 87
8 74
9 5
5 73
8 99
4 26
5 18
3 42
7 38
6 51
4 55
1 5
7 9
9 84
9 36
8 37
6 59
7 2
6 96
2 84
7 9
2 1
3 85
5 17
3 12
10 48
3 58
6 17
5 13
8 46
5 64
9 63
9 13
6 31
9 49
10 82
4 16
3 66
10 94
5 84
2 78
1 47
1 43
7 66
5 100
4 19
9 60
4 84
5 5
4 51
1 52
1 9
6 13
7 85
4 55
1 27
4 52
8 64
1 7
2 39
4 48
3 48
2 57
8 11
9 92
8 7
4 43
6 38
8 12
8 87
1 87
7 15
4 8
10 40
6 62
6 99
8 72
6 26
1 65
5 87
3 16
8 45
4 20
10 21
10 59
1 8
6 70
6 62
4 4
6 29
2 99
3 99
3 34
4 53
2 67
9 99
6 36
2 71
10 5
8 20
3 79
1 75
4 74
2 52
7 68
9 5
4 4
1 89
3 6
5 43
9 46
6 82
1 8
8 73
1 81
1 49
2 26
4 74
2 13
2 70
1 1
4 84
9 6
4 78
3 48
1 9
6 25
10 53
9 100
9 55
7 99
6 43
4 7
8 91
9 85
8 5
10 67
6 22
2 21
10 61
7 41
3 82
1 12
8 100
8 1
3 98
5 0
2 86
8 89
1 8
7 69
7 14
2 88
5 95
6 45
10 43
7 58
10 43
3 30
9 61
5 5
10 93
5 32
3 82
9 41
8 97
2 64
9 26
3 2
1 56
4 73
3 15
9 45
8 16
8 75
5 48
6 91
8 13
4 24
9 63
1 16
6 82
3 66
6 100
6 14
7 0
8 81
3 28
8 11
3 86
10 92
2 23
9 77
2 1
4 57
7 27
5 8
8 48
5 95
1 52
3 64
6 46
5 95
5 74
4 58
7 30
4 48
9 9
8 8
3 28
4 25
2 69
10 76
6 73
6 55
8 27
8 54
7 52
4 2
10 86
7 39
6 100
2 7
4 43
5 6
4 76
2 96
10 81
5 80
8 48
5 74
10 84
4 8
5 58
8 18
9 33
10 48
10 3
7 39
10 99
2 88
4 98
8 48
6 10
1 46
1 29
6 88
9 33
6 98
7 81
3 21
8 73
4 4
3 64
2 98
4 43
2 70
8 80
3 20
2 26
3 88
2 68
9 48
2 17
2 41
6 66
8 32
4 23
1 55
1 63
3 47
7 53
9 27
1 17
9 47
7 94
5 60
10 42
2 75
5 23
3 29
2 89
1 75
3 38
8 40
7 76
5 56
5 9
9 71
2 12
8 23
9 63
5 10
5 23
9 82
10 9
10 3
9 87
7 93
1 36
8 8
10 80
10 5
6 11
4 74
5 96
1 9
3 34
6 32
10 56
6 59
7 12
7 90
1 57
1 31
8 85
4 51
7 94
10 27
3 58
10 57
7 42
6 81
3 67
1 17
2 99
1 36
1 91
9 77
7 46
9 46
3 96
7 17
10 42
9 84
5 78
9 68
9 16
8 43
8 81
8 63
2 33
3 50
1 16
1 85
1 17
10 40
1 85
8 100
4 55
8 63
8 56
2 21
10 92
7 11
1 74
5 71
4 68
8 28
10 11
5 3
3 20
7 38
7 27
3 68
9 39
10 100
5 24
6 61
3 72
4 23
3 85
9 96
9 5
10 69
8 46
5 71
5 11
4 30
5 0
6 100
4 83
6 40
5 31
4 78
5 99
3 3
5 5
1 30
3 40
7 96
2 44
1 96
5 86
1 7
4 89
2 75
1 6
9 93
8 89
4 79
3 100
7 5
10 19
5 92
2 22
5 56
4 70
5 81
3 9
6 37
1 89
9 75
2 62
3 64
1 32
2 45
6 3
5 30
6 62
5 53
6 77
5 15
5 87
9 3
2 27
9 37
3 95
9 3
7 45
1 55
2 69
4 42
7 35
4 69
8 99
2 60
1 49
8 18
10 8
8 90
7 30
7 77
4 56
1 1
9 39
8 38
2 5
1 71
9 80
2 45
10 59
4 40
9 96
8 13
2 90
4 66
10 0
5 90
10 31
9 56
1 13
1 38
2 98
8 85
4 81
10 75
4 92
3 96
2 47
5 25
6 38
1 92
9 94
3 57
5 34
2 49
4 71
9 15
2 79
3 41
6 41
2 33
9 13
4 49
7 8
5 28
4 8
5 68
7 25
2 22
3 66
7 51
5 57
2 69
5 73
5 92
8 10
7 31
5 49
3 34
2 41
3 55
7 64
6 19
6 15
5 57
10 66
4 86
1 45
6 89
5 64
4 38
1 0
3 73
3 50
8 81
7 65
4 92
9 17
6 88
7 94
1 31
8 67
6 81
9 37
4 48
3 33
5 74
9 75
2 22
9 87
4 3
7 72
9 79
8 73
6 66
7 51
1 3
10 88
7 16
9 48
4 17
8 97
7 92
5 46
10 88
6 16
7 91
4 9
6 10
1 11
5 35
8 44
2 76
1 60
3 85
2 13
9 46
3 11
10 81
9 36
10 99
5 36
10 62
8 63
9 31
9 35
1 91
10 31
9 100
7 80
1 13
1 66
5 77
7 0
6 55
5 4
7 8
8 16
10 74
5 30
6 0
6 82
3 50
6 57
9 10
4 31
2 63
1 37
8 35
10 25
4 18
9 66
4 49
3 77
6 6
5 4
3 89
7 17
1 32
4 43
9 8
5 91
9 51
8 14
4 94
5 78
7 4
8 99
2 23
3 89
10 5
8 31
3 61
3 85
5 35
6 51
1 15
9 48
6 98
10 63
3 55
1 51
10 86
1 39
6 96
4 21
1 99
3 89
8 21
4 37
7 96
3 40
2 59
4 13
3 77
10 52
6 55
4 26
1 95
10 7
10 30
7 46
5 56
7 71
9 78
9 49
1 73
6 5
7 61
2 3
1 3
8 65
7 5
8 6
5 24
4 22
4 71
1 5
4 34
10 59
3 38
7 77
3 63
4 83
7 50
5 18
8 30
4 39
8 36
9 4
7 71
1 64
9 16
10 88
8 86
2 98
9 18
10 87
4 43
8 92
6 19
5 84
4 26
2 100
5 75
4 11
9 61
6 0
1 48
6 55
3 37
9 53
4 19
7 82
5 64
8 67
6 19
7 42
10 33
5 89
1 41
6 45
7 19
3 84
3 24
1 87
1 0
2 16
9 83
7 19
9 62
2 71
2 95
4 32
3 8
10 22
10 42
10 12
10 38
7 17
9 77
5 98
1 96
8 39
8 24
5 62
7 3
7 38
6 3
1 93
9 23
6 4
10 12
10 49
10 53
1 75
1 77
4 47
5 51
6 54
5 34
5 77
4 2
1 97
7 74
4 69
3 52
7 29
9 18
4 42
8 78
7 11
4 62
8 56
2 42
4 27
3 41
9 72
9 22
5 8
3 11
9 24
9 54
2 76
7 93
8 55
4 5
6 40
4 6
7 16
5 96
1 51
2 84
8 24
7 75
1 26
7 92
2 93
3 63
8 94
2 24
5 50
6 1
9 68
5 50
9 47
6 31
5 62
5 93
4 69
1 52
7 90
1 2
5 13
7 6
10 2
8 44
8 21
1 27
1 84
7 30
10 18
9 90
6 95
8 26
8 84
3 34
3 57
4 5
4 34
1 42
9 66
5 23
4 13
9 90
3 98
8 60
6 94
9 25
9 51
2 74
8 77
4 53
8 32
10 100
6 74
8 81
5 72
9 44
7 58
8 96
2 12
3 54
8 78
1 61
6 18
10 69
7 7
7 11
10 9
9 19
10 24
9 94
6 88
4 20
2 51
4 58
6 29
8 91
1 81
8 6
2 76
2 54
7 3
2 19
7 63
4 17
3 36
6 22
6 97
9 72
6 50
5 51
9 35
6 67
2 75
4 14
4 51
9 88
3 78
5 32
3 60
8 10
8 53
10 96
8 43
6 93
1 3
4 96
9 47
9 76
7 16
8 13
10 91
4 71
6 33
6 27
5 29
7 60
4 86
4 8
1 50
8 34
5 72
1 45
3 65
5 26
3 47
2 52
2 35
10 4
2 21
4 92
6 91
6 73
4 86
9 12
10 22
9 77
5 12
9 33
8 1
10 21
3 85
10 26
5 42
1 96
7 64
6 90
8 25
3 66
3 5
7 48
3 33
6 43
3 57
2 42
3 7
1 20
3 17
4 95
7 87
1 93
8 14
7 96
10 69
4 30
4 14
1 1
10 52
5 43
5 62
5 86
1 96
2 90
2 43
2 24
4 36
2 85
3 94
10 43
5 79
4 83
5 13
6 69
9 81
4 95
5 77
3 92
4 51
5 11
10 0
1 17
5 74
4 91
8 99
4 100
5 10
1 40
9 85
7 79
7 21
8 20
9 15
9 4
2 17
6 35
2 0
3 38
9 79
3 72
8 55
2 3
5 63
5 53
2 77
5 66
6 2
7 94
2 5
2 1
9 21
8 82
6 42
8 17
4 89
7 49
7 86
6 19
5 71
6 90
4 56
8 11
5 78
10 31
7 13
7 33
9 81
10 58
9 76
10 21
7 60
10 60
2 60
5 85
5 83
8 24
2 49
6 84
3 64
1 9
3 92
3 73
3 73
4 43
1 5
3 60
8 61
7 27
8 8
1 25
10 60
10 100
7 95
8 89
8 60
1 70
6 74
8 83
1 49
1 30
10 79
2 90
4 1
8 30
8 33
8 8
5 92
6 25
10 47
10 30
2 90
2 56
5 35
2 20
8 42
7 70
1 96
3 25
7 1
1 65
2 91
2 86
3 40
2 87
1 60
9 76
8 36
3 14
5 37
10 75
9 39
2 46
4 89
2 34
5 69
7 54
2 66
7 37
5 89
1 18
10 67
10 41
8 20
3 80
4 9
6 19
9 59
8 42
10 32
3 42
8 51
7 2
1 38
1 46
9 57
10 8
7 55
9 36
3 10
4 79
7 28
1 43
9 58
10 13
3 59
10 46
6 13
1 60
10 29
1 17
5 8
6 34
7 68
4 43
7 100
7 30
10 78
7 50
8 95
10 81
1 50
2 1
2 96
6 15
8 20
1 77
8 45
2 40
1 62
2 28
9 75
10 62
9 64
6 94
8 87
2 62
9 96
5 24
1 85
5 27
4 67
3 97
3 90
6 30
6 7
2 19
4 84
1 27
6 99
8 25
5 50
10 41
9 23
6 15
4 11
8 15
5 79
5 50
4 82
9 9
1 91
3 82
5 82
9 22
1 1
9 28
10 100
3 54
1 92
7 68
3 18
10 4
1 19
3 53
2 72
2 79
3 14
5 30
10 54
5 54
5 6
6 50
8 99
10 97
5 98
2 36
7 76
3 29
5 89
8 44
4 36
7 6
3 70
8 77
7 36
1 96
10 43
4 22
5 26
9 96
9 78
3 73
10 56
9 7
9 3
4 30
1 17
9 50
4 71
2 73
7 55
7 60
5 90
7 9
1 52
3 51
9 27
10 6
4 75
8 14
1 63
8 79
3 60
6 48
1 7
6 22
10 44
4 40
4 31
3 63
1 75
2 69
2 64
5 69
2 86
8 49
7 29
3 54
2 75
9 68
6 22
5 45
10 41
8 51
1 54
4 10
4 70
4 80
4 16
10 35
7 10
10 59
6 25
4 60
6 18
6 39
9 60
3 47
7 30
1 54
2 95
1 79
8 76
10 85
6 54
4 95
4 67
8 63
8 55
6 99
1 78
7 21
10 45
4 24
1 17
7 5
8 63
3 83
5 41
5 24
4 2
6 23
9 95
2 16
5 54
10 90
1 49
5 75
6 90
3 89
6 75
2 68
9 38
5 18
3 69
9 42
10 60
7 28
2 1
1 13
2 58
1 40
9 79
1 97
10 63
4 80
6 38
6 33
3 4
7 64
7 58
6 93
10 95
2 7
10 94
6 44
8 70
10 76
9 86
3 99
2 24
4 61
4 57
3 44
10 84
2 76
2 82
5 86
10 95
3 15
2 39
4 42
1 0
3 26
2 79
8 95
2 1
8 84
8 10
9 36
1 61
10 48
3 50
8 27
6 70
10 86
2 29
1 78
4 42
3 15
7 79
8 71
1 39
9 83
3 43
6 98
9 93
7 21
2 48
9 61
6 23
7 50
8 55
5 65
1 11
9 0
4 58
9 81
10 68
8 100
1 95
8 42
10 56
8 64
7 45
6 63
7 8
1 50
3 11
9 80
9 77
9 80
4 75
5 58
1 56
7 94
3 100
1 72
6 2
5 40
3 95
9 38
9 42
6 45
2 40
5 99
1 98
3 35
2 87
9 75
1 64
1 95
10 42
2 54
10 84
6 49
2 29
9 68
10 38
4 84
9 12
1 81
9 18
4 51
5 70
5 71
8 77
7 28
10 14
5 77
9 22
6 42
2 64
2 88
8 99
10 43
3 18
3 98
6 78
10 57
6 27
7 31
3 72
10 74
1 0
7 37
8 66
7 21
3 46
1 0
6 44
8 1
5 16
3 87
10 14
3 36
4 87
4 31
5 1
4 4
2 35
10 54
3 98
10 15
8 94
3 75
9 21
9 68
5 74
2 77
5 45
4 26
9 86
4 30
10 16
6 44
3 73
1 16
8 3
7 27
8 37
5 4
3 86
2 0
4 65
10 30
7 35
9 88
5 21
9 86
1 28
8 11
6 15
9 86
7 43
7 46
6 75
8 21
3 26
4 66
2 73
2 42
8 44
8 6
6 98
1 14
5 25
9 11
9 38
10 49
9 39
7 14
3 2
7 80
1 14
6 98
3 80
2 89
9 88
7 69
3 66
1 68
1 60
4 30
2 97
5 16
10 1
1 97
8 77
8 38
1 76
1 88
1 45
5 94
10 85
4 15
5 63
4 71
2 87
7 81
3 45
7 16
7 100
7 84
3 63
4 13
6 29
8 30
2 51
10 32
7 14
6 22
9 59
7 64
5 87
4 43
4 87
1 16
2 31
2 69
9 2
4 79
9 73
4 52
10 33
8 51
7 23
6 21
8 22
8 57
7 74
3 11
10 64
6 81
1 3
7 39
10 39
3 1
3 5
9 82
1 96
10 85
9 21
9 56
2 55
7 51
1 28
6 60
3 43
7 84
4 71
10 94
8 43
4 23
2 29
7 0
7 48
5 36
4 67
4 68
2 5
10 68
9 65
7 78
7 37
9 17
2 8
9 18
2 96
2 37
7 69
8 19
5 57
2 38
3 30
3 59
1 63
1 33
3 49
2 58
2 3
5 95
7 15
9 91
5 77
4 27
9 61
8 36
2 0
9 27
8 12
10 87
5 57
8 95
4 52
4 48
5 50
10 53
1 62
10 84
9 86
4 34
6 56
7 56
6 52
1 49
7 64
10 96
10 81
7 79
7 46
4 16
9 69
2 60
4 5
6 47
2 54
5 45
3 85
1 18
4 9
8 74
3 53
2 83
7 48
5 90
3 74
8 22
3 100
4 11
5 26
5 18
4 96
5 42
4 39
2 36
5 40
6 90
1 25
3 100
5 85
3 82
2 13
9 51
3 10
7 56
2 1
4 73
5 19
1 8
3 78
1 99
7 30
9 67
4 56
1 10
7 75
6 54
1 92
10 23
10 46
4 82
5 29
9 98
5 97
5 20
1 67
6 47
9 80
8 82
9 61
8 50
2 54
8 73
9 69
8 98
8 42
4 43
3 65
7 100
2 90
4 63
4 5
7 29
1 9
10 19
2 97
7 66
3 4
4 45
10 35
8 1
3 78
4 97
5 60
2 27
7 69
10 47
9 35
10 29
2 63
9 62
5 26
10 7
5 60
7 37
10 51
3 55
8 29
10 42
7 16
7 7
6 25
10 55
10 60
9 22
9 25
6 40
4 15
10 24
7 75
3 99
9 86
3 96
1 65
4 52
8 94
7 13
2 76
3 62
3 18
1 79
7 27
9 72
9 3
6 18
3 62
10 12
10 50
10 62
1 66
7 96
8 44
9 63
8 67
10 22
2 32
6 30
5 20
8 6
10 31
2 79
3 31
3 7
7 1
7 88
7 1
4 90
4 10
3 64
2 7
6 82
10 88
10 70
2 11
2 29
5 18
2 14
5 23
9 65
3 64
5 21
4 53
1 100
4 87
1 7
4 55
5 13
7 52
9 58
6 2
10 38
7 98
4 24
10 29
5 53
3 48
9 12
4 50
4 44
6 25
8 16
4 71
3 53
9 1
1 89
8 40
8 92
4 65
6 53
5 53
8 20
7 97
3 89
6 14
3 87
1 81
3 67
2 35
9 48
10 3
4 15
3 59
3 0
4 95
2 2
7 8
5 56
10 9
8 54
1 71
6 96
6 53
7 55
6 98
7 31
9 33
7 92
9 78
10 40
8 30
10 16
8 24
10 62
3 5
7 86
2 83
6 59
2 14
3 64
10 30
1 75
1 62
6 36
10 92
8 94
10 67
7 3
8 91
2 40
5 46
8 55
4 73
4 56
4 0
6 61
2 77
3 96
3 16
5 25
9 32
10 97
8 57
1 7
2 31
6 100
5 37
10 4
4 82
5 69
8 9
9 79
8 15
1 59
10 26
8 4
3 38
5 21
5 75
5 12
6 47
6 16
7 55
9 87
9 67
5 86
7 54
4 3
7 78
8 12
9 83
1 4
2 75
4 86
10 98
7 39
4 60
8 5
6 22
9 83
8 70
4 30
9 15
10 94
1 27
8 31
2 26
6 61
3 27
9 0
7 88
6 32
2 99
4 51
3 8
6 33
10 27
3 37
10 23
10 4
10 97
4 92
2 15
2 88
5 48
2 8
9 79
4 45
10 27
4 20
8 25
8 54
5 81
1 73
10 1
5 3
6 49
7 30
10 91
9 32
8 84
10 31
4 97
8 11
1 68
7 58
9 38
8 100
10 10
7 77
1 90
8 46
5 23
2 31
2 59
9 83
8 2
6 39
4 68
5 38
10 59
3 64
4 20
8 91
3 88
8 67
3 11
9 40
5 98
4 17
9 84
1 87
10 68
5 62
1 43
6 50
6 31
3 15
6 51
9 2
6 67
8 59
7 82
4 60
10 22
9 59
3 5
3 100
4 93
8 83
10 82
3 44
6 59
6 100
2 60
7 13
10 20
7 35
4 9
6 4
10 75
2 1
7 30
9 19
10 29
5 34
7 37
8 22
4 96
1 58
3 82
4 81
7 58
2 6
8 1
10 52
8 61
8 65
6 44
9 33
9 35
3 7
3 51
1 31
2 18
9 4
2 15
6 99
9 31
7 8
2 47
7 67
9 81
7 49
1 74
4 55
9 66
5 75
1 52
4 46
9 81
8 25
9 73
8 44
10 9
6 1
4 35
8 62
10 23
1 5
9 69
2 50
1 71
1 6
1 10
6 15
9 96
9 80
6 91
9 55
6 17
4 79
7 13
5 54
8 2
4 57
2 76
5 84
4 46
3 52
3 72
7 83
7 59
6 68
8 44
1 56
1 83
5 35
10 71
7 94
1 37
8 49
10 90
8 30
8 17
3 29
8 100
2 10
9 2
6 14
6 99
6 72
6 30
1 91
6 63
6 34
4 36
1 38
8 83
6 82
4 46
4 59
8 62
4 44
4 40
2 78
2 84
3 99
8 85
3 84
8 36
3 76
1 52
5 21
8 16
3 21
4 46
8 59
6 6
6 46
6 53
9 51
3 11
5 27
3 81
4 7
8 0
4 48
5 44
3 37
5 6
1 1
9 84
6 28
3 10
3 24
4 39
1 43
10 100
5 62
10 89
6 100
7 40
10 72
5 74
4 97
8 94
9 86
1 30
2 28
9 35
7 94
3 42
10 23
1 16
8 61
5 74
7 95
1 0
9 63
6 13
10 37
3 24
5 31
6 28
7 6
5 56
6 35
8 99
3 66
8 22
5 45
2 93
7 31
10 73
2 86
8 97
9 4
2 74
9 96
1 43
9 14
4 71
7 36
4 79
6 99
9 12
1 90
7 2
2 56
6 55
3 6
4 65
9 43
10 8
3 2
6 84
3 48
6 23
4 60
10 10
10 44
5 53
6 36
10 46
2 73
10 65
6 90
6 62
8 3
4 68
6 12
3 13
2 14
1 58
7 65
9 95
5 96
4 34
10 0
7 95
10 55
5 20
9 66
5 71
3 92
10 81
7 92
9 18
9 97
2 98
1 94
8 17
7 27
9 77
10 80
1 57
9 74
3 50
5 76
1 18
7 20
9 95
6 51
7 72
2 65
10 39
4 53
5 84
6 95
9 51
2 38
10 58
6 16
7 11
3 49
1 40
1 47
1 45
8 12
1 29
1 49
10 9
10 46
10 92
5 2
10 90
2 41
5 34
9 77
8 79
8 87
7 55
5 35
4 72
8 20
6 42
10 40
4 1
4 6
3 22
3 26
8 88
7 21
2 70
4 56
6 1
7 3
6 94
1 47
2 27
4 64
6 42
4 11
1 38
4 38
1 59
6 27
4 15
6 85
4 25
5 77
7 94
1 30
3 65
10 48
4 99
3 5
1 86
9 48
4 22
4 34
3 93
3 9
6 39
10 99
9 64
5 5
8 26
8 10
8 71
7 45
1 83
10 95
3 96
4 28
3 78
2 35
8 4
8 76
5 74
5 0
10 35
2 48
5 21
4 5
6 42
8 40
3 43
3 42
4 13
4 59
3 39
3 31
1 19
4 21
7 74
1 10
2 24
4 61
8 1
6 33
1 61
9 56
8 1
8 86
10 53
9 89
9 49
9 17
2 42
4 36
10 59
9 65
10 50
4 81
10 84
1 71
3 80
7 87
9 52
1 32
6 57
4 92
7 33
9 47
5 9
1 36
9 74
2 2
2 67
10 46
7 35
7 33
5 28
5 38
3 63
1 88
9 75
2 97
1 94
2 29
4 85
9 55
9 23
2 74
6 39
9 16
3 69
2 38
4 42
5 79
9 41
2 84
9 10
9 93
10 35
8 11
2 94
7 88
5 4
8 8
9 58
5 19
5 31
7 13
9 99
10 28
2 9
9 38
2 16
10 49
1 16
9 67
2 94
8 92
10 0
8 17
7 53
10 82
2 36
3 79
1 7
1 44
6 96
5 2
1 24
6 43
4 10
4 65
10 57
4 29
2 80
3 57
3 84
3 53
6 38
5 35
6 46
2 90
5 58
6 48
3 83
1 78
8 51
1 54
7 71
2 90
7 14
3 29
5 36
8 85
9 6
5 35
1 75
2 49
7 100
10 47
3 65
10 49
3 17
9 50
3 23
5 26
9 92
9 16
9 93
1 29
8 35
5 45
9 5
2 77
2 55
3 16
4 64
1 22
6 7
9 16
7 61
1 8
10 100
2 94
9 49
1 85
10 42
8 57
6 4
9 6
8 2
5 57
10 54
3 68
5 85
9 3
3 23
8 47
9 23
6 81
1 20
1 10
3 47
6 65
6 57
10 98
6 35
1 69
4 95
8 8
4 44
9 0
8 10
8 96
3 51
3 43
2 72
7 38
8 53
3 24
4 63
4 10
4 14
6 36
5 2
7 34
9 84
2 7
5 96
8 87
2 39
5 33
9 94
8 7
2 79
2 52
3 20
6 55
1 3
7 42
6 38
4 49
4 1
4 83
10 66
10 87
2 7
7 77
4 5
6 93
7 3
10 20
2 86
9 55
2 93
3 73
9 68
7 94
5 24
5 19
9 7
2 59
3 63
8 82
6 71
3 63
9 40
6 28
6 90
6 29
7 63
1 47
9 99
7 8
5 40
9 89
10 52
1 19
2 27
9 87
6 71
2 39
4 29
9 6
10 41
4 9
9 28
8 71
1 24
6 82
3 70
1 15
3 33
1 67
4 34
8 56
3 86
4 78
1 72
10 97
6 41
9 82
6 18
10 34
10 40
2 65
10 75
8 45
1 95
8 17
6 11
3 89
7 50
5 53
9 92
4 15
3 43
10 66
1 3
8 42
4 60
7 22
10 25
6 2
4 11
9 42
5 47
2 0
1 47
7 28
5 44
1 84
4 43
6 80
6 27
7 42
4 37
1 31
4 3
7 87
8 64
7 95
1 30
8 64
9 56
9 53
7 49
1 89
7 38
3 37
4 23
8 41
10 15
1 92
10 6
3 70
4 22
10 31
5 32
9 81
4 61
4 23
2 72
4 68
1 13
4 76
8 0
4 8
9 8
6 61
7 29
5 89
3 47
8 27
2 39
7 63
6 86
6 77
1 97
4 52
6 75
10 56
4 45
9 10
7 25
1 51
5 91
3 27
9 18
5 84
10 42
2 60
8 44
2 81
9 37
6 20
8 83
4 42
6 24
6 14
5 82
3 84
10 79
2 39
3 62
10 85
4 67
3 27
7 26
5 88
5 77
7 12
9 98
7 0
10 37
1 29
10 2
3 57
1 53
1 66
8 59
5 41
7 47
6 17
7 53
4 2
2 49
2 20
9 70
9 28
4 5
7 53
8 76
2 29
1 32
10 3
2 82
1 2
4 97
2 42
5 99
5 18
3 13
5 19
4 85
1 41
4 77
10 43
1 11
7 84
3 96
4 31
2 23
7 63
7 53
8 28
1 7
10 71
1 56
5 89
5 64
6 76
1 29
10 52
7 32
6 18
2 46
5 30
9 38
6 17
6 37
2 97
10 54
10 87
2 77
9 58
8 8
5 97
2 7
4 37
6 21
1 43
1 39
6 3
4 86
1 25
1 63
7 66
8 8
3 62
7 74
6 79
4 20
2 58
6 32
9 7
3 23
4 94
6 7
2 32
8 9
4 20
8 71
7 28
2 17
2 31
4 19
4 19
5 55
4 67
2 25
8 26
1 59
3 21
8 66
5 11
10 40
8 99
2 99
6 97
2 70
4 27
10 25
6 1
7 98
3 46
6 16
5 40
9 61
1 20
5 76
7 77
5 10
9 99
4 52
6 31
4 62
6 27
9 74
4 36
6 91
4 32
1 84
10 94
4 64
8 83
6 8
7 7
7 52
2 28
9 79
5 35
3 14
9 68
3 52
5 11
1 56
3 37
6 65
3 10
10 12
8 53
3 26
3 52
8 40
8 47
6 75
5 8
4 75
2 38
2 23
5 100
4 36
4 44
3 0
9 10
5 7
5 92
9 41
5 45
7 20
10 99
2 87
5 20
9 21
2 18
3 43
4 72
2 39
10 7
6 8
1 25
10 82
7 10
10 46
3 27
2 82
8 88
3 58
9 7
3 34
10 30
6 58
8 34
8 8
10 16
9 43
7 69
1 97
4 25
8 47
2 20
5 97
7 85
3 29
3 16
9 48
5 97
10 47
3 7
1 77
10 64
3 11
2 48
8 12
3 36
4 71
7 69
8 33
1 44
9 51
9 73
5 64
6 64
1 19
7 31
1 48
9 21
7 15
7 4
4 72
3 38
4 99
1 45
5 67
7 29
4 29
2 95
8 24
2 96
4 75
9 52
9 12
9 65
3 9
4 60
6 67
8 73
3 49
4 88
6 86
2 20
10 56
5 35
5 39
9 80
9 41
9 48
6 58
4 74
8 57
7 13
5 50
8 15
8 72
3 88
4 24
5 32
3 18
9 64
2 40
7 73
9 16
8 96
2 30
8 22
1 57
3 13
1 77
7 19
8 47
6 30
9 16
4 5
5 84
3 96
6 9
7 68
7 6
4 29
5 34
4 60
2 79
3 79
10 9
8 78
7 5
2 6
9 35
9 96
2 66
5 36
9 96
5 63
5 0
4 54
9 20
8 41
7 69
8 58
3 36
5 45
2 86
2 52
4 79
6 59
8 27
8 66
10 86
9 70
6 63
7 93
8 42
8 56
5 52
7 25
1 19
9 83
5 88
8 4
3 71
9 68
6 11
5 43
8 90
10 6
6 99
3 8
5 40
8 45
9 8
5 61
5 30
6 51
8 5
4 0
6 18
6 37
7 46
8 50
10 68
2 5
4 33
5 30
6 84
2 35
4 19
4 97
9 30
9 57
8 3
7 12
2 21
3 28
6 31
9 25
5 40
8 2
1 81
3 52
5 88
4 61
8 48
1 66
3 28
2 52
2 37
4 8
7 64
6 15
8 21
6 36
1 97
6 78
3 4
5 15
10 53
4 55
1 82
3 37
8 3
10 31
4 6
5 81
3 20
9 20
4 59
6 21
9 59
7 34
9 53
3 68
10 23
1 52
4 23
8 46
10 36
1 16
8 85
9 96
10 85
10 42
2 5
4 29
2 81
3 17
2 58
3 85
8 51
8 2
6 3
10 12
1 20
8 9
8 22
9 36
10 87
9 30
6 17
7 37
6 28
10 34
4 83
10 73
5 82
2 88
7 22
2 41
10 1
6 35
2 60
2 11
3 35
7 24
1 86
6 99
3 4
4 74
2 11
8 82
4 43
6 17
3 78
1 55
2 29
4 76
9 1
7 71
4 13
4 79
7 8
4 95
6 34
4 10
8 49
8 91
2 52
10 94
10 15
6 62
3 4
10 81
2 38
3 85
5 28
6 70
3 99
10 32
7 77
6 9
10 75
6 40
3 6
8 43
10 83
8 90
10 21
7 47
8 97
4 70
10 8
2 67
2 1
10 100
4 52
3 72
4 8
3 73
1 80
1 72
6 60
9 97
7 33
2 1
8 74
6 17
3 9
6 45
1 43
9 45
3 48
9 77
2 21
7 66
9 46
1 15
1 80
2 76
1 5
9 90
6 22
10 66
4 21
4 83
10 20
6 44
10 42
7 37
8 30
5 73
1 78
5 66
8 23
2 48
10 94
4 61
3 10
9 30
4 63
6 45
8 63
10 79
1 8
1 77
8 62
6 45
7 79
6 73
1 15
8 93
9 4
8 37
3 1
10 2
5 99
10 28
4 3
2 70
1 18
9 76
2 53
10 68
7 18
7 41
9 41
8 22
9 95
7 41
4 46
5 30
7 80
1 79
5 46
7 4
5 78
5 89
5 91
5 23
8 61
1 39
8 46
7 11
1 37
3 82
7 1
9 63
2 56
5 56
3 92
3 10
4 28
5 14
1 47
8 59
9 7
8 60
10 8
8 78
6 34
10 33
3 34
10 67
2 98
8 34
5 29
3 89
1 54
10 86
1 35
7 4
2 31
1 73
1 69
9 96
10 74
3 21
1 59
7 30
9 33
5 23
6 15
8 2
1 78
7 7
6 69
8 22
10 7
9 45
7 47
3 89
7 98
3 18
8 87
4 43
1 30
9 70
10 19
3 0
6 37
9 37
4 93
7 13
8 13
4 45
9 66
7 18
2 30
1 72
4 79
1 39
8 68
10 7
10 15
6 87
7 52
1 64
8 100
9 13
7 52
7 44
2 24
2 44
6 8
10 52
5 30
4 72
2 5
3 85
3 6
7 25
5 6
6 80
1 77
2 68
8 1
9 78
9 4
5 93
1 68
8 44
9 46
8 94
10 6
2 74
6 38
2 11
9 13
8 68
9 17
8 46
8 60
2 99
10 74
7 7
1 54
8 4
10 61
7 86
10 27
9 94
1 2
5 47
1 60
9 25
5 5
8 23
3 39
6 45
6 52
8 30
2 13
8 42
9 89
5 53
7 98
1 51
5 78
1 22
9 37
9 8
3 14
10 68
2 29
6 33
7 98
8 6
7 12
2 64
4 71
4 35
9 78
6 29
7 20
9 1
9 77
10 14
10 12
4 10
5 23
10 19
7 21
6 62
1 75
10 56
9 47
2 24
8 40
3 78
8 93
6 83
8 98
9 75
4 88
8 75
6 37
5 29
6 72
4 50
8 44
8 32
9 16
8 34
5 47
2 18
9 88
10 53
5 59
9 24
6 68
2 20
7 3
2 32
4 95
10 40
3 37
9 1
1 83
6 49
4 60
2 89
6 71
8 56
5 78
9 40
5 55
2 78
1 66
9 87
3 29
7 21
6 74
8 72
7 39
8 87
10 95
9 5
3 66
7 61
2 10
2 91
4 4
7 32
1 12
1 51
3 87
4 1
2 6
9 34
4 35
10 71
8 32
2 45
3 0
2 68
6 34
5 62
6 87
8 59
7 32
8 5
3 50
4 74
3 27
6 72
5 51
9 74
8 0
5 0
7 70
5 63
6 66
8 72
8 91
9 40
1 73
2 28
1 73
10 46
8 61
4 22
2 19
6 28
5 76
4 29
10 52
9 59
4 22
7 9
9 1
7 40
10 6
3 13
9 85
5 46
8 36
2 48
8 58
10 97
10 49
2 36
2 12
7 64
6 16
9 67
7 44
8 24
5 14
6 72
9 54
9 62
2 31
9 28
5 24
2 10
9 70
1 96
1 96
1 81
7 25
5 17
7 89
10 30
2 54
6 7
9 20
2 76
3 15
7 89
3 86
10 71
4 21
5 22
3 67
10 62
5 100
6 71
1 26
8 14
10 47
3 0
1 36
6 43
4 97
9 49
3 93
10 20
7 85
6 56
9 47
7 40
10 21
7 60
3 21
3 35
9 80
4 17
1 64
2 52
8 98
1 81
3 95
10 39
8 91
4 89
4 8
6 22
4 39
10 75
5 39
7 60
2 71
1 35
1 23
7 95
4 44
6 4
10 1
10 12
5 73
1 45
5 55
6 66
4 16
3 24
1 15
10 68
5 25
8 55
3 23
4 10
10 71
2 11
10 48
8 65
6 60
6 31
8 23
5 53
6 9
2 90
8 44
6 66
10 57
10 79
2 54
2 8
2 30
8 40
4 46
8 45
2 47
10 75
5 46
4 48
7 39
7 58
1 19
5 80
1 71
4 59
5 35
8 24
8 69
3 36
10 39
3 72
6 79
1 38
3 17
1 46
4 57
6 13
2 6
3 96
7 63
6 8
2 77
8 91
7 35
9 47
7 1
10 25
9 61
4 60
2 52
4 1
4 22
10 93
5 7
9 18
4 24
8 11
9 86
5 77
8 57
8 61
7 20
2 99
6 49
10 36
9 8
4 64
4 90
3 23
3 41
7 45
9 20
2 43
2 4
2 80
7 98
10 93
10 44
7 44
1 12
7 47
8 24
10 49
4 31
5 50
5 75
10 69
10 19
7 21
1 39
5 6
4 91
5 3
8 23
8 88
8 51
6 78
1 19
5 47
1 71
8 21
8 55
8 53
9 98
9 48
10 8
3 90
5 49
8 88
4 26
5 60
7 96
5 40
2 18
10 26
8 100
7 77
1 6
1 28
6 60
4 6
3 36
8 68
7 98
4 99
10 42
7 6
2 89
4 0
4 32
8 28
9 98
3 25
8 17
4 12
9 46
10 33
6 69
7 39
7 49
3 65
4 100
1 0
6 39
5 98
5 40
4 83
8 70
9 18
6 42
4 79
3 16
8 80
9 62
4 48
3 43
7 84
8 30
3 78
6 19
3 79
9 95
2 22
6 19
4 39
10 43
6 96
3 9
10 55
8 97
6 66
4 87
3 70
5 55
5 9
10 84
3 61
10 72
10 14
3 33
6 76
5 13
4 44
2 95
4 8
6 2
5 57
4 59
10 29
5 65
4 65
1 71
8 88
5 74
3 20
9 51
7 61
9 53
3 93
8 47
1 43
7 59
2 83
1 21
1 61
9 36
1 86
6 3
1 10
8 45
10 13
1 87
9 86
2 6
6 96
8 93
5 94
10 17
9 27
10 34
4 75
3 62
10 33
7 71
6 47
3 81
4 58
10 90
9 100
1 0
6 87
3 63
5 1
10 54
6 40
3 22
1 88
7 55
3 62
2 3
3 41
7 25
6 54
6 50
3 45
5 35
6 53
9 45
10 34
8 74
1 19
6 46
1 38
10 85
5 49
4 77
5 87
9 22
9 74
9 24
10 36
3 71
4 50
1 45
2 16
10 89
1 57
4 15
5 53
9 100
4 79
2 63
2 41
7 87
8 81
10 4
6 15
7 87
10 1
8 59
5 80
1 75
10 15
5 4
5 48
10 41
1 100
3 7
5 28
9 62
4 45
7 33
3 45
4 57
2 11
1 1
5 91
3 86
1 47
10 55
1 8
1 45
1 47
9 44
9 81
2 96
3 39
3 94
10 84
9 83
8 44
1 65
7 63
3 39
5 91
5 75
7 49
7 19
7 42
9 81
8 55
4 20
8 20
8 91
9 83
3 13
5 64
3 33
1 39
1 4
10 82
6 76
3 13
10 66
1 98
1 82
4 79
4 46
2 6
2 50
2 6
4 75
8 69
1 57
10 72
5 69
1 32
9 0
8 58
10 46
6 49
3 15
7 69
4 75
7 93
3 66
3 26
4 48
8 81
1 45
3 61
6 22
3 9
9 41
1 22
8 95
1 15
5 54
1 84
8 96
7 17
9 43
8 12
5 40
8 69
9 85
5 16
4 99
3 78
3 46
8 52
3 41
10 48
10 32
10 97
2 85
1 95
5 38
4 39
5 90
8 75
10 7
3 22
9 38
5 8
6 40
1 82
6 95
4 91
9 20
9 85
7 19
5 61
8 51
3 14
1 93
6 84
5 64
8 91
2 39
10 86
3 73
1 86
7 19
8 30
3 4
5 94
10 59
7 24
5 47
4 100
8 71
4 94
10 8
9 54
6 31
7 50
5 33
7 53
7 11
9 60
8 79
9 65
4 8
4 11
7 36
3 55
9 80
6 64
8 45
7 54
3 37
5 100
8 78
1 34
10 59
10 2
5 63
2 76
4 2
3 71
1 90
9 74
7 91
1 19
8 83
9 45
6 71
6 33
1 64
8 72
5 19
2 2
7 33
8 89
5 33
6 30
5 53
4 17
10 44
9 40
7 88
8 91
7 26
7 100
9 71
1 65
2 1
1 82
1 35
9 67
2 92
4 8
8 30
5 17
8 5
8 42
1 43
6 5
2 59
2 20
10 21
7 79
2 89
1 32
6 92
8 19
4 84
3 58
6 98
6 35
7 85
2 26
9 51
4 37
5 41
10 6
2 99
6 13
7 72
6 27
5 73
10 81
5 89
6 17
10 75
3 57
3 24
7 97
9 72
3 99
4 1
7 39
1 26
5 90
9 51
4 74
3 83
6 10
7 88
8 69
5 26
10 3
10 49
8 85
9 84
9 23
2 7
8 84
7 11
6 49
7 18
7 54
6 79
3 70
1 88
9 58
2 36
9 10
9 44
6 46
9 68
7 48
5 67
4 55
2 53
4 60
2 33
4 28
8 62
2 73
8 22
4 34
2 49
1 17
2 45
5 60
3 75
4 30
3 7
6 54
1 58
3 11
8 23
4 29
2 19
10 90
6 31
2 65
10 8
9 73
1 13
6 12
4 19
2 22
10 32
1 45
9 11
7 99
5 5
8 47
3 33
5 0
1 64
9 41
6 47
1 95
6 22
4 37
1 8
4 68
4 99
7 81
10 6
10 43
8 10
3 53
2 73
7 1
7 29
7 63
2 19
8 100
1 9
7 76
5 75
2 47
3 3
1 9
7 45
10 19
8 80
10 50
10 52
9 0
7 28
3 51
3 27
9 13
8 84
10 44
10 97
7 34
8 37
5 1
2 7
3 13
7 23
4 56
3 68
4 53
4 76
6 42
9 77
2 6
6 73
10 83
8 87
1 67
2 64
10 7
4 7
6 22
4 89
5 80
8 7
9 24
3 45
2 14
3 82
7 80
6 57
6 2
10 19
1 84
1 61
10 9
2 25
4 61
6 18
7 92
6 58
1 55
7 72
8 91
6 77
2 81
9 32
1 13
9 63
6 98
6 68
7 23
4 79
1 12
6 60
9 20
3 54
9 60
10 36
1 33
4 75
8 28
1 1
5 17
8 6
3 41
4 91
2 68
3 23
8 95
4 84
6 14
9 34
1 95
9 14
3 42
1 4
2 37
6 99
5 14
3 78
8 93
2 17
2 26
5 56
4 86
7 55
9 44
9 5
2 81
3 70
7 37
6 81
5 18
7 39
10 74
6 12
6 23
8 21
4 39
5 70
9 86
5 72
1 21
9 40
3 17
5 40
10 38
2 56
3 86
3 32
7 43
10 32
3 20
3 73
2 19
7 28
3 71
2 62
9 19
10 47
4 84
6 93
2 53
8 78
10 44
5 29
4 30
5 2
5 37
7 93
1 23
5 37
5 67
9 93
9 52
2 13
1 100
7 48
4 47
9 1
5 35
10 27
8 14
10 14
7 46
3 78
4 27
5 60
4 44
7 20
6 70
2 67
9 14
2 47
8 57
6 63
10 59
9 72
1 2
10 95
4 11
8 93
6 18
3 15
10 92
1 9
9 16
8 51
5 97
7 69
7 65
1 63
6 36
9 55
5 100
9 4
10 5
3 74
6 76
9 99
9 42
9 27
9 99
2 74
7 49
1 61
10 15
4 98
10 25
6 78
6 19
9 50
8 3
2 26
1 26
8 74
1 91
2 86
8 74
9 8
1 59
5 91
7 11
8 48
7 94
3 19
7 17
2 46
7 11
1 53
10 11
10 41
7 10
1 71
4 98
5 77
1 25
10 2
2 59
1 16
4 8
7 65
6 50
1 84
9 77
3 100
6 27
8 65
3 1
5 78
7 77
1 39
9 36
1 96
8 84
5 2
4 22
10 50
9 87
1 55
3 85
6 12
6 94
5 6
9 86
2 0
3 47
10 22
9 31
2 91
2 85
7 23
7 18
8 33
7 93
9 52
10 36
6 97
10 99
7 56
8 83
6 10
10 13
4 18
7 58
3 31
7 42
1 52
10 53
8 0
6 16
4 88
9 6
4 85
5 16
1 14
2 14
9 4
3 100
3 56
3 41
3 57
10 44
4 90
10 96
9 33
3 53
1 59
9 99
10 37
8 73
7 100
9 25
7 99
10 37
9 53
8 7
5 44
10 6
3 95
6 60
7 9
9 8
5 62
1 82
3 81
8 92
6 35
7 2
8 37
1 58
4 65
8 14
5 36
10 52
1 5
2 73
4 29
1 95
8 8
9 15
1 75
3 22
4 84
1 72
2 89
7 49
1 47
8 72
3 95
3 92
9 1
7 51
10 79
1 23
5 62
9 55
5 28
6 39
6 11
6 92
1 70
10 34
2 32
6 18
4 53
2 10
10 69
4 26
9 34
1 9
6 44
5 1
1 49
3 47
4 82
9 52
7 25
10 36
10 60
8 95
10 89
1 99
4 91
6 4
3 96
2 10
1 55
1 24
3 39
6 18
4 25
9 86
2 24
1 27
4 48
8 96
9 86
4 68
9 4
1 96
6 92
4 75
5 64
7 1
6 47
8 66
4 66
2 3
5 57
1 33
6 85
2 91
4 18
6 100
5 80
10 94
10 1
9 51
9 74
3 39
8 29
10 16
5 41
8 66
5 98
3 15
4 21
7 29
9 17
7 48
1 55
5 58
2 65
4 63
3 69
5 35
5 34
5 37
1 16
7 15
2 17
8 57
2 88
9 12
7 80
8 59
10 78
6 48
4 43
5 72
4 90
8 1
7 12
8 2
10 53
8 23
4 83
1 81
5 75
10 39
3 87
2 32
5 65
5 37
5 11
1 83
8 44
3 59
2 43
10 23
2 43
2 83
6 42
9 51
9 100
2 65
10 30
3 81
6 23
10 67
7 36
7 50
8 58
5 85
2 7
9 55
6 4
1 51
2 83
9 46
10 4
10 56
2 88
4 40
2 44
4 64
4 69
9 47
1 23
4 2
7 43
3 64
2 2
6 91
4 55
6 15
3 55
7 34
8 26
1 80
4 70
6 92
9 34
10 34
10 96
8 96
4 54
10 56
2 14
2 79
2 75
6 79
6 28
1 46
9 76
5 14
2 15
3 86
3 15
6 77
10 28
6 37
5 21
9 6
7 86
4 69
8 49
7 64
4 27
2 59
9 41
6 1
5 69
8 27
1 30
7 23
5 11
6 53
6 45
4 59
4 90
1 8
2 59
1 58
4 33
2 0
7 49
6 58
2 2
4 99
4 83
7 7
6 60
1 5
7 16
2 19
5 28
5 70
9 27
7 66
5 71
1 81
7 7
1 24
8 2
9 6
2 28
2 87
4 77
3 26
5 89
6 84
9 2
1 68
3 17
1 6
2 36
9 52
3 33
3 35
7 46
2 27
3 41
5 22
4 82
3 50
10 39
4 69
9 24
8 50
3 35
3 45
4 38
6 64
8 81
4 44
4 63
6 11
10 57
8 77
1 82
3 62
1 83
6 59
5 34
4 84
3 60
9 77
5 70
5 2
6 50
4 76
7 5
7 29
5 90
8 16
9 95
5 42
5 7
2 2
3 10
10 96
4 11
9 59
8 73
3 22
4 98
3 17
5 100
5 89
5 95
10 45
5 100
8 9
4 65
4 50
2 72
9 56
2 57
9 68
7 54
8 37
9 58
9 86
2 27
4 15
1 23
6 77
1 49
7 70
4 81
8 7
3 28
10 93
6 31
3 90
9 73
10 59
9 60
2 56
6 20
2 50
4 46
3 71
7 24
5 3
3 51
1 40
7 44
7 85
8 20
6 35
1 99
2 13
6 93
10 83
8 40
3 11
3 92
10 10
1 47
2 91
3 4
2 35
4 6
2 81
8 85
8 44
5 79
3 97
8 95
7 49
5 50
10 68
7 51
7 76
5 47
4 49
9 54
6 92
3 3
6 65
6 51
6 79
7 88
9 91
3 81
3 60
4 45
10 94
8 85
2 65
2 67
6 41
2 63
2 2
9 22
4 59
10 94
8 68
2 2
2 76
9 85
4 52
1 20
8 22
10 88
9 31
4 0
10 75
1 19
10 90
3 94
7 38
5 40
10 71
2 8
10 89
8 69
10 5
7 48
1 52
10 49
9 28
8 54
5 12
5 98
6 77
5 75
6 46
7 100
5 98
10 20
6 92
10 94
4 92
8 70
9 2
5 9
1 98
6 42
6 27
10 55
2 0
10 89
2 4
5 74
2 100
8 44
10 96
5 99
3 57
2 14
9 43
1 0
6 18
7 65
9 9
7 88
7 31
6 99
4 62
7 22
10 20
10 25
2 83
5 73
3 10
4 57
1 85
4 21
1 17
5 49
8 10
3 6
5 45
4 89
2 43
8 74
4 82
10 23
6 55
7 58
4 42
2 34
3 20
5 5
5 1
6 88
3 64
3 70
4 46
8 26
10 38
7 11
3 1
4 65
4 89
4 95
7 69
9 74
4 13
10 32
1 22
3 14
6 16
7 91
7 3
4 90
7 83
8 10
4 62
3 31
10 40
9 6
8 50
5 25
9 62
3 58
6 75
3 53
3 55
1 55
2 23
7 80
4 77
7 58
5 69
5 40
6 93
5 26
4 98
1 89
5 25
2 82
3 46
6 79
1 72
4 57
5 81
2 2
10 40
4 8
2 79
10 21
6 14
5 82
2 72
7 93
8 39
4 87
8 40
6 35
6 25
5 51
8 34
3 59
10 20
9 2
4 100
6 10
2 22
5 42
8 35
1 98
8 47
3 40
1 93
2 72
7 8
2 85
5 52
5 86
8 26
4 43
6 82
7 33
8 55
7 7
10 67
4 32
4 21
2 57
7 87
7 0
8 47
5 43
10 41
6 86
8 68
2 80
9 60
6 51
4 14
4 6
8 42
8 15
10 92
9 69
7 66
9 97
8 15
6 73
3 89
4 27
6 40
8 96
4 17
4 0
8 96
3 30
2 37
1 98
8 44
4 37
4 66
6 93
10 100
4 12
3 94
5 82
4 81
3 51
7 86
1 36
3 33
8 6
2 3
2 65
2 38
3 29
3 99
3 73
4 96
8 61
6 58
7 29
3 66
4 28
7 57
10 8
4 66
3 50
7 91
1 33
8 44
7 17
2 2
5 36
6 53
10 16
1 7
9 92
8 98
1 78
5 62
7 43
2 86
5 22
8 16
9 83
9 68
5 18
3 44
1 81
8 34
8 10
5 12
5 10
4 37
5 4
5 78
6 87
10 20
1 26
9 34
8 25
5 96
9 4
1 8
3 37
8 8
5 85
3 38
5 82
1 60
5 8
1 74
3 88
8 99
6 48
8 2
6 72
5 90
9 37
1 69
10 9
10 86
8 23
7 35
9 61
9 5
7 44
2 0
8 20
4 24
5 42
5 39
10 37
1 47
5 52
2 40
2 38
6 40
8 18
10 92
1 98
9 16
3 99
5 75
1 99
2 27
3 22
10 43
7 51
3 72
1 82
3 30
4 51
3 23
8 90
8 26
2 46
10 65
5 84
10 0
4 96
6 82
6 52
5 40
10 75
9 90
9 65
10 53
5 9
2 74
4 75
3 56
9 94
10 61
2 80
9 36
1 16
10 94
6 44
3 19
8 98
3 9
5 0
6 77
2 37
9 89
1 21
6 4
5 0
2 15
9 16
5 59
9 39
5 94
4 71
4 0
8 58
4 34
7 77
7 44
10 30
1 49
5 81
9 32
4 74
3 33
4 75
4 7
7 24
5 49
8 64
5 77
6 55
3 48
7 92
6 48
9 15
6 82
4 96
7 38
3 5
1 4
1 78
8 50
2 14
2 85
1 16
4 71
2 71
10 38
1 88
8 98
1 74
6 76
10 24
9 42
3 56
10 64
1 16
6 89
8 35
4 72
9 55
4 27
10 5
3 72
2 81
4 89
1 89
10 51
8 20
7 82
10 72
1 46
7 30
4 41
1 36
5 41
5 59
7 85
5 37
7 78
2 65
5 7
5 71
2 34
5 74
9 24
5 72
4 10
5 8
1 68
6 42
9 76
5 39
10 52
7 39
1 87
3 34
7 26
2 83
5 63
8 94
2 31
3 17
3 11
6 59
3 97
1 11
10 8
10 23
1 79
5 37
5 12
9 45
3 92
3 19
3 97
6 91
3 89
4 42
4 63
3 48
1 20
4 84
1 63
1 80
2 20
3 80
9 53
9 82
3 14
2 56
8 5
3 48
2 75
10 38
6 38
7 33
8 33
7 55
4 44
2 67
4 47
7 19
2 5
1 100
7 20
10 8
1 61
4 17
8 94
8 6
3 60
6 91
4 90
7 64
2 62
9 77
8 88
7 39
10 35
5 11
6 26
4 45
5 97
3 21
9 81
5 44
9 83
5 25
2 9
2 41
9 14
9 72
2 55
9 77
5 81
2 7
10 29
1 61
9 67
2 38
3 52
6 70
1 8
10 82
6 41
2 28
3 62
9 95
9 71
1 7
9 23
1 75
1 53
10 88
5 63
10 48
5 48
1 73
9 55
1 11
4 58
2 91
5 30
2 73
5 43
2 24
2 76
9 93
4 39
2 65
9 26
4 99
1 23
1 80
1 78
6 94
6 76
3 66
1 76
1 1
4 52
10 69
9 27
3 77
2 12
5 16
6 50
5 74
4 15
1 17
3 9
6 58
1 96
9 80
8 16
3 43
3 39
2 13
9 84
