100
2 2 73 100
3 2 245 272 238
59 32 36127 7227 54 630 2789 210494 8207 68782 10 621091 3595 9033 3050 4 7991 8035 8 20007 143651 100 19847 9983 695 952013 35 8232 6654 34 521 28 2763 2 11 596 800 70417649 10 6306 789 11412 12 6339 5107 73 2355 6558255 0 47544 9 1 59 1250 5166299 17 5130 8325 46176 63 9
17 9 2 15 27 37 75 49 62 39 89 95 18 55 48 25 36 18 58
35 22 90 752577828 28 74 54 9572892 2026502475 8328572 31 83518 41 824234 303 48418869 617 9277509 394676441 9529 14 59 98483635814 8316835 894 4108 3069 7692958 41799730 964583 95281 3173452 217 88864 9 444 690
39 15 333 37 380 85324 31 1569187 38711322 109457561 30 6662107338 81 371987148 39 106172121 2845085 95486277628 50 3 24 4 772 6 56 155143246 6671 10 3 70368 5 776420 66 155257 34885 29 1002176435 263295 5689722 75577 12351789412
12 1 6 65 4474 1430 56 100 97 1950 1676 8 4 4001
11 11 10 7 3 5 8 8 2 3 5 2 0
33 14 444 9 305818 21 865 97510 5234 1606 634841 993157 9 7489 61105 73 10 70087 5 0 4 11 72 2668 78891 71 741 46 53 5 453186 1398 395 6 11
41 4 9 10 0 0 7 5 9 0 0 3 10 1 0 6 6 1 1 0 4 3 0 9 4 10 8 2 10 0 1 6 7 9 6 3 8 0 7 5 0 9 6
40 14 4 30 4 1 15 0 926 8 5 1 10 3 437 8 2836 419 9 18 63 8 5511 6042 644 10 142 10 54 1 1029 8 30 97 549 8 667 9 35 2437 9 9886
45 37 5649450 1030301449886 90243512 78217149582 610 36 343005608 52 994 1163 20209497983435 8852394 2524 9534343 693085621 7 9860575 8041049715667 6750704 61425291798 9626625 298687023439 143327922 362947107 62852448933768 357272012 2879148 102862 894478 5712 4426 9465080 3458 8950348 799417684 6379363 18127 2713884 12015815220 7062167896 3091891 608932105 8282 85 269696863
60 30 1600 200 800 400 100 100 3200 1600 100 200 3200 800 1600 1600 400 100 200 800 400 100 3200 1600 3200 1600 200 100 3200 200 100 400 800 3200 400 200 200 400 400 800 400 1600 200 1600 100 400 3200 3200 200 1600 100 100 800 200 1600 800 800 400 3200 3200 800 800
4 3 5 6 4 7
5 3 7 2 6 2 2
41 37 96702 2 5859858 5647921 190365 10 88286 4693859 5 760 5 8973 3797416 6695590 38 10 96437 2 66309 814 252 10 36543 6356303 1000 636 8373586 4277326 26 66417 3 47812 57 799081 10 79773 7 311 7208413 3439422 29819
11 6 12 29 28 3 90 91 96 87 69 76 78
41 35 713663 302504 38415 443874 6222 4264 76 10 881774 0 4 539 1 102575 910 0 6 3 915 10 4 588949 8 4 2 1076 85145 456 10 40 517205 371799 493085 69 835290 10 43784 3 80564 421522 2
15 4 48 171194 891 66 188198 34 5997 1 10 35440 235 31 725 732342 69
1 1 4
9 4 44 0 5 53 10 3 89 23 87
34 18 7450309932 869619 73693289559 8479624 559895 913501 431 3140952 859467 4721247420 5376148 2137593488 946346 58 3613736166 8263266595 18054 273 258 299213447 19 1996 2711468931 1291909 873 8822168864 325165 13926443 350691 61284 594636 214625148 99 897
6 2 4 4 32 16 4 8
43 25 6110 2 9 2 45 78690 6932 2863 2999 9 8 487 83820 7 3885 8 6 10 0 1762 4 8 5 5 9266 3 1 6 100 0 2721 70 9960 9875 1 520 4 4 657 10 5 3 3
53 14 34 2 28 44 15 67 86 5 80 8 8 4 5 44 8 31 9 69 98 238 32 84 6 55 63 24 35 86 0 30 34 89 29 71 83 26 41 53 19 17 45 59 1 71 51 10 8 11 63 97 84 99 17
34 12 87 2 1 50779 174262 14544 122919 6 927874 17795 69303 947 462968 197894 8 36936 29315 9 628027 19833 2 95306 6 10 9 26035 173405 770 33444 9124 8 3 907835 769983
44 19 89843 6482 5478 64920 68 3356 8818983 27035 92 5804406 995851 93667 50321 928620 70209 983009 94 754639 8152074 7964544 19 7893861 59 185540 75 14849 0 8 94 44 66 34 562 52 85 38 5165 34683 8309710 61 963752 3324 42 35406625
45 13 20135 94 14651 77 18 9 4209 1 46 42 59697 76 89 93485 73535 78 82788 532 410 30 62711 46027 7196 87202 96 4971 3610 39 432 4053 1000 6 8052 8358 4140 529 93396 3 33384 81912 15151 42 93 14 58721
30 4 840683114 180001 6121604171 27 97062899 752707962 7 48962207 5584 591343403 623908569 819045 4703546040 7961780 22888 6 307 336107028 148 9256352 511969095 235685200 586605617 980183449 5297271459 765753718 310147790 7402146 35 0
25 4 78 47722 491089 461099 885880 777434 81 232081 61165 19055 508192 8253 316648 42621 813505 100 193 267478 974448 499201 874916 377569 8272 24 786935
44 4 5841749201 2455 10 7088646847808 2388 3417111233437 563551137 192184302777 844210738 1819 20 218 5400 155465 7112 954583381480 282248474 6667615 5337667954316 6818 5688341228346 9307 73799056931 49082 6678 8340 5413 58406750530807 7 6640837820 2 2646 96495081 823142600 21 53 886721831 43403978 647678210346 4962 500535 9 434007 1367715
46 16 9 87 70139 318 841673 7090 4006388 11 869132 112799 816754 408534 94142500 8 18674 5 409895 5 2 995740 867417 907913 52 178366 2459734 8 318967 5165322 5 813652 9736070 177 813300 6 9 2 538482 108091 434394 495 8 80 703234 95027832 891197 87609633
7 1 2 0 10 3 9 0 0
60 40 89841242593354 679369954211462 100000000000000000 78808090712376 100000000000000000 436278708955307 100000000000000000 100000000000000000 100000000000000000 100000000000000000 100000000000000000 100000000000000000 100000000000000000 100000000000000000 100000000000000000 229857477132666 100000000000000000 150589921716992 185845136118677 100000000000000000 100000000000000000 100000000000000000 100000000000000000 948154730805873 100000000000000000 100000000000000000 100000000000000000 203563962632585 100000000000000000 100000000000000000 772722491660359 100000000000000000 155345633909622 100000000000000000 100000000000000000 100000000000000000 182084001113256 100000000000000000 100000000000000000 813839336059858 117538301056189 100000000000000000 32655548856615 100000000000000000 100000000000000000 612911199695162 100000000000000000 100000000000000000 757956711133036 100000000000000000 100000000000000000 100000000000000000 100000000000000000 779920184297992 100000000000000000 100000000000000000 417491756697180 100000000000000000 953365155287819 100000000000000000
8 2 65 7 3 9 51 1 89 4
51 11 4841401325 5481130107427561 19986015621935 7068956655 253640534703212 400830736 69702340 641437 786061481697459 4473902490 73355987 130212478159 2251380329 634946242966 779821606 4244176290113490 4 86952874 1061793951 8229 373870926 80120016 863228723608 10 57018922660889 9343417010976 831519300570077 262002844271559 5330354333134746 905 7746738 69751170340 96 6318737046435740 52710157227973 96958020602 491584897031007 10223 37640452011 65446259 927 584976071728 568957 41019222 1367604 83107896427168 15333709 0 1098405271718526 965 801062601635
56 4 43 2483495 219791 8971050 5607 73533 4944 4964 8446390 6767 831949 68 19 61470 8780 5164 3777296 44 6 9004 2646114 89204 63 99 5515476 1286919 958 59 29 4809 16 76138 77547 9789 4087 64 1126640 8215 8660826 56 5321 10 49 5957 4241 89 7682986 1407943 4 173065 9226721 36 9522297 60 31 3
60 40 100000000000000000 100000000000000000 864875043951359 100000000000000000 100000000000000000 100000000000000000 100000000000000000 742978643187264 100000000000000000 100000000000000000 100000000000000000 100000000000000000 409987138651551 100000000000000000 100000000000000000 100000000000000000 122800749621651 100000000000000000 100000000000000000 100000000000000000 100000000000000000 100000000000000000 100000000000000000 100000000000000000 752865294771889 100000000000000000 100000000000000000 100000000000000000 100000000000000000 100000000000000000 100000000000000000 100000000000000000 100000000000000000 193520205867613 100000000000000000 100000000000000000 100000000000000000 100000000000000000 100000000000000000 115188022569684 16953396378320 100000000000000000 100000000000000000 100000000000000000 100000000000000000 100000000000000000 100000000000000000 100000000000000000 374244164176598 100000000000000000 100000000000000000 100000000000000000 100000000000000000 100000000000000000 100000000000000000 100000000000000000 100000000000000000 383248102629237 100000000000000000 100000000000000000
59 59 57 0 2 34 55 8 38 66 68 3 8 7 24 93 3 0 21 6 43 64 59 38 20 79 88 15 53 7 60 1 22 71 16 29 75 10 45 5 69 97 4 98 23 10 3 78 62 25 25 41 10 96 24 10 6 59 6 10 80
6 6 1 1 1 1 1 0
35 34 28 1246 970470 889 27698 600 11874 33692 83 27 368832 9501490 15 57 23 63 2417024 5558854 6 47429 43 32 162540 1224 25 30 646978 858592 250283 5570 29 573 86634 156332 84578
24 16 7 9 2 4 35 1 40 9 2 8 6 10 5 6 2 1 6 4 8 7 7 9 10 1
49 1 8 85 21 14 10 49 1 73 2 77 40 4 3 8 84 1 8 2 539 9350 223 37 74 12 612 25 8 240 99 1 65 57 24 908 24 89 5 52 70 6 84 8 1 9 82 7 93 379 10
60 40 100000000000000000 100000000000000000 100000000000000000 906476692652446 748066721250521 108767943006923 100000000000000000 100000000000000000 845448766857626 100000000000000000 55477963904189 147307110325453 100000000000000000 100000000000000000 902350654007598 100000000000000000 100000000000000000 100000000000000000 222578258863466 100000000000000000 100000000000000000 503605312026065 997431230943251 742360680875936 100000000000000000 100000000000000000 100000000000000000 615194168780698 218663964208415 714176203762960 100000000000000000 100000000000000000 100000000000000000 349331461911743 638488312995303 798249660463208 513756931038498 956312340017664 100000000000000000 580526675888643 915500650314459 100000000000000000 22926266388858 22462025969691 100000000000000000 100000000000000000 100000000000000000 625050589871850 100000000000000000 100000000000000000 730432944646187 854083057784241 931277598245565 100000000000000000 691828682660584 510697260278636 662805675169061 100000000000000000 100000000000000000 100000000000000000
38 29 70 8 89 93 54 87 2 74 74 14 94 6 34 90 78 18 73 96 30 100 96 18 44 4 88 75 17 76 76 55 15 44 6 65 3 83 95 78
32 31 596 673748 9230180 2585 88058 2 805 79 0 16 18 76 2620924 94 9895384 231 5007083 87091 873481 284 981 99 38 97 290 38 24 57 3886 20 768 9962471
23 8 2619 40 9110 64 36 0 27 484 29 4043 701 8910 86 6 3433 4321 81 100 1548 71 57 99 80
14 9 7 1 5 3 5 9 6 3 5 5 1 4 10 4
30 6 46969 6601382 173 289393 82 678 186 73 4126 376 45 459 132 28459 733 5130 186 917 6040636 509 208 22783 877 43427 7088221 465 22 8462 3983621 457280
14 13 10 893 0 286 58 85 5 902 1 4 61 0 31 810
36 7 12 3194125 2314 18871 3587 39146 475936 2287096 7296 74154 60125 72 9397 44932 17861 5069945 729 1396 1169888 80341 4445054 69 8679686 849 98579 11 3316 9645976 84942 586 67905 83930 60942 95772 73161 49
6 3 2 7 3 9 8 9
58 53 61566081408 33178243 747579 402768 1715414199 3 60948 22421475 747494 49402523 993362 796350 87273994 1892321 986473 8379867 55055 207 676556 751 12272 5894663308 849 7978542 97783984408 42527209274 2018 97491555 908660 57807920 2777647409 9034515362 18333 36541086 20377223954 97966 9176195 91070005848 89918641 516 16359875281 943 140655 940668 7778487 39 821 24371 0 42116156 151 71897448062 565842 441 191 7223295937 9417511955 99603139731
6 5 10 10 10 10 9 0
16 4 576 9986 3607 5 843 8 538 5 286 16 69 98 3016 9 269 7
13 3 74 7 948 64 714 29 253 3 65 7 10 83 5
7 1 4 4 19 10 6 6 7
29 3 29 8 4 87 76 63 54 306 15 77 42 18 9 10 57 7 14 86 77 9 44 24 69 77 14 91 87 65 15
41 29 2 8 568 84016 987 6 272 10 98329 351 163205 38 3 9840070 33152 465126 89286 77888 878 666 75 64964 915460 29 14947 295429 10 50 48 8 5 877357 5 29957 415498 1557301 46 748452 779921 66 765
60 40 433993295887043 255475426015594 237538949593016 730251896876122 224875795808004 100000000000000000 432844888429087 121514843725659 816988349489067 638351996939129 464456907537670 227811040878129 100000000000000000 686800293983677 525403307709414 103290981144831 952766014738660 38584436513373 100000000000000000 918753667497741 924935072416014 400010933010386 319374557416713 100000000000000000 39035648547910 100000000000000000 100000000000000000 153179942814593 502844433368897 93127850754132 388331848435045 147237571087474 100000000000000000 108242916194827 115878913222075 940577036490757 11139983228733 104033109850458 100000000000000000 882943474734070 655403188094353 625581026424439 9138937252121 178146768973107 100904320981915 840521785614623 511122417960377 113600401117547 918983832866643 30327839457239 415943582598504 876091721681104 100000000000000000 765382702594133 100000000000000000 215924323452188 782822837536531 460753539650712 667162353212883 198202471640583
16 1 5 13 0 7 9 10 10 65 0 0 81 5 70 35 60 6
60 30 100 400 100 400 400 400 100 400 400 100 400 200 400 200 100 100 400 200 100 200 200 100 400 200 200 200 100 400 200 400 400 100 200 400 200 100 100 400 200 400 400 100 100 200 400 200 100 400 100 200 200 200 100 100 200 200 100 100 200 400
47 8 6097038827 490611 636761523 89 9216578 31259 67 8792 6753112836 14 2046069624 63792 57 49 37 647924910 598976301 4210 7898 1985 15581 579662713 361 37553 871405307 279481 88275063 442077266 41206 7996824232 2607 633102062 7237762845 577 3038 306986000 24 239697230 9528994 421307440 743797 4398531780 4119 69576822 425726219 37 921636202
60 40 727882458640598 832570567726658 302043704799646 973884374526182 659366284684589 258855381890078 795738280735463 454266412801748 918765402137383 44006603083005 304238083335816 613027312443805 460882316929084 369248919435044 409515729949896 480480665601294 143949089252056 406216598278033 475078222893177 499232401358632 293021996161010 416952626605665 657705826394271 141950517532834 634995924103484 539219536207608 310108252034945 224335512389625 335063350697719 423123274123246 22754274070887 234800387098539 842428377749713 956205037257013 27369353657431 787825212522898 232261567708302 65731951328039 789241993578901 790331199811263 154509405112819 643022352250410 948383544107113 626748753365443 253506004962126 667418968908161 807636824295284 523372667827219 456788328280207 13067777791117 296225651990100 893540703907310 491531923517495 446759253783923 258235047908732 10128373627344 699285220222576 743414250031918 347780544268286 309790189279486
2 1 90 25
31 27 10 3 88 0 8 8 5 1 7 3 7 0 8 3 10 5 9 72 10 5 3 5 7 4 0 7 5 2 9 6 0
27 12 36 7 37 84 69 403 386 0 97 5 100 3 6 332 4 5 5 7 0 178 6 9 382 4 3 498 193
6 5 4 1 1000 16 256 64
2 2 26 89
20 5 706546 8 91 305221 7006760 193 2 2988 8 140687 8 10 934 3 5 74238 6 508883 816 5
58 35 87708734 7 10 8869100 7415994 391689 330111 54 548942 878 61 99 30 213147 7 54 8 889127 5889 565291 12543367 1 137476 8774905 584216 7865074 7202 255842 0 69 92114348 649587 349293 7 3 2530856 30397696 954066 90376557 2578196 9 385415 31 83161647 39 7 10 87010 7631358 3 77799974 719949 235 6 0 76 2302336 4
56 21 8894 10 349 32481476359 125 939212 54308 6 8 4862363 856037 20 13 193 572 375 63018311861 469 610 449 34 112 439 6575 248 74254 9 9475965077 498 507 4243 208 307986519 30 516 622 358620265 809 9763489 649729 57502811 31 563 26411765185 2 8205 655 53800133280 78341770833 61399644 980 589 5 797 247 61103760295
34 18 32 91 8 10 37 7 49 79 9 1 75 63 34 33 15 10 81 4 13 31 99 3 9 0 3 51 93 1 1 71 13 45 100 37
26 7 194776 91045 1 675 2888733 24343 91 3 355005093 60376 6 1 6763409 3224361 50099 8545670 806739868 588803869 188 7 1458 4986 8194 61555 45449342 980
1 1 9
13 1 9642 8 77 8642 77068 7734 3125 84 16 59 2380 9256 702
2 2 0 0
57 2 262144 35184372088832 8589934592 524288 32768 536870912 274877906944 33554432 4398046511104 4096 2097152 1048576 17592186044416 65536 8 9007199254740992 256 2199023255552 17179869184 1073741824 8796093022208 72057594037927936 268435456 16 512 4294967296 4 36028797018963968 18014398509481984 131072 4503599627370496 70368744177664 549755813888 1099511627776 4194304 2048 16384 1125899906842624 16777216 67108864 8388608 34359738368 140737488355328 2251799813685248 134217728 64 68719476736 8192 281474976710656 4 1024 2147483648 4 128 562949953421312 32 137438953472
34 23 667 210 562 17 282 176 604 8868 2826 482 1 675 661 967 975 465 241 9124 520 4916 657 164 319 364 979 515 8 27 53 5042 441 0 8653 480
49 45 752975533668 8913 8938251 8661 2475005076 755658423081 64372569091 454167322058 115 862 73187344 457 4183571 24645433915 64959863607 7460128961 61866 18934 8915048533 360242 40585 753 113263718 249343956144 7 52501726768 820100 5766741 43361805543 12904319489 14007688489 25951868 5567481 1516 74750041024 421024505841 20 919661391 51853967531 25 38324668688 2247626 408524 7306079 35697474075 7689502295 14236 72595 41372530
52 30 858 73424 36 906 300 80604 8128 85817 538 604 5966090 4 665 273 8648095 880 79 6019763 773 52984 96 385 461919 21 229 1025520 8841 742 14799 926 95 9954 63359 8 840991 313 10 852559 44 1475954 265 5825 8 9568455 198 7783 184 8975 697 672 32450 2
60 1 100000000000000000 100000000000000000 100000000000000000 100000000000000000 100000000000000000 100000000000000000 100000000000000000 100000000000000000 100000000000000000 100000000000000000 100000000000000000 100000000000000000 100000000000000000 100000000000000000 100000000000000000 100000000000000000 100000000000000000 100000000000000000 100000000000000000 100000000000000000 100000000000000000 100000000000000000 100000000000000000 100000000000000000 100000000000000000 100000000000000000 100000000000000000 100000000000000000 100000000000000000 100000000000000000 100000000000000000 100000000000000000 100000000000000000 100000000000000000 100000000000000000 100000000000000000 100000000000000000 100000000000000000 100000000000000000 100000000000000000 100000000000000000 100000000000000000 100000000000000000 100000000000000000 100000000000000000 100000000000000000 100000000000000000 100000000000000000 100000000000000000 100000000000000000 100000000000000000 100000000000000000 100000000000000000 100000000000000000 100000000000000000 100000000000000000 100000000000000000 100000000000000000 100000000000000000 100000000000000000
27 11 7895457 7548272 65662 9434 602415083 40635 604113419 4764640 2114979 84271450 28 73851 5544660 91247 9 16576 4033173 66470 6290054 196 31 8194 5 98784000 224265 53322859 931
4 3 5 10 353 35
57 20 0 0 6 1 1 0 1 3 4 8 4 3 6 0 0 7 7 7 7 92 6 0 8 5 5 9 1 0 0 3 10 10 6 5 8 8 5 8 8 0 7 5 5 7 10 7 7 3 1 10 0 5 1 4 7 1 10
29 20 1024 16777216 4398046511104 18014398509481984 1073741824 65536 16 1125899906842624 1099511627776 268435456 17592186044416 4503599627370496 262144 4096 274877906944 68719476736 1048576 4194304 256 17179869184 70368744177664 16384 64 1 72057594037927936 67108864 4 281474976710656 4294967296
36 15 330 11 3019 267 33 7977 86 31674738 88746 31 7754 805 5223 200 42 6170 2087 81 797 675 510 445897183 22086636 328563 3941 2677731 94600038 63 7151 730 658 131 36 10829 36 1918
60 22 100000000000000000 100000000000000000 100000000000000000 100000000000000000 100000000000000000 100000000000000000 100000000000000000 100000000000000000 100000000000000000 100000000000000000 100000000000000000 100000000000000000 100000000000000000 100000000000000000 100000000000000000 100000000000000000 100000000000000000 100000000000000000 100000000000000000 100000000000000000 100000000000000000 100000000000000000 100000000000000000 100000000000000000 100000000000000000 100000000000000000 100000000000000000 100000000000000000 100000000000000000 100000000000000000 100000000000000000 100000000000000000 100000000000000000 100000000000000000 100000000000000000 100000000000000000 100000000000000000 100000000000000000 100000000000000000 100000000000000000 100000000000000000 100000000000000000 100000000000000000 100000000000000000 100000000000000000 100000000000000000 100000000000000000 100000000000000000 100000000000000000 100000000000000000 100000000000000000 100000000000000000 100000000000000000 100000000000000000 100000000000000000 100000000000000000 100000000000000000 100000000000000000 100000000000000000 100000000000000000
12 10 53 341 2145 45 12032 20671 77943 21 7303 31 4 2
53 9 766 3466026 544 233 1432 73656987131 69 144130439677 9 906 982285456 40551696 22066 2606 2 3 5174800930627 49206481 370869 621488062 73172 8572854 115427155096 24 823 38 59975425 72225939 1887 85470332 70722 8820 80135 7436293706401 461192663 5390210 28766290 2286945046 8143441444 8877110222003 240 47 8 38832 372602658000 1060017925 64804 89 42 7982733582176 6193 51050 7660772776208
44 16 6628 693 8045 422031 7932845 6515 95961 4729 6447366 4408721 5653705 59600 4856 929339 233891 588381 1986016 33 984010 9217239 94 9667 484762 774774 8669 648 8256148 949698 111782 33426 7856 276216 5902 4400 254443 640757 818 85046219 409710 29058878 459003 76725 89855878 430
51 42 705759 592414 5017525605 50712 776182330 130 2296 15 300415985424 656466 798097910 767494832182 6270 770695 989673465 403686635385 706986 37738147169 395619 2891470 172917246 79008 8888273 55195422 540 87 4352 593444524044 990367 705248 981830029943 645935873688 392887 21 255760631185 264548 906435319252 909630 728422220256 629170613 8 29650 95 632994753953 2910 2 518348 940999188287 795915157 1425414041 255
34 29 63166 99136344301 3324112 166067042 1443867134 411044 4414626158 8164967485 19528168356 81889172 63944 86 9848 17073083284 17946670920 62133 68909837954 7460 44556620 780 78 658163 82800 481 29797 4012281587 5808 8683394151 49 868430262 4442033145 828 86075747 1020656011
14 14 1 3 93 9 9 2 41 6 1 4 8 5 10 2
60 40 100000000000000000 100000000000000000 100000000000000000 723976825626351 100000000000000000 631045885385657 462370060984079 993243916233350 100000000000000000 426591059914034 534364578458554 668763399923812 860511350691443 294957712100661 100000000000000000 806307982627215 313266076580585 454116927160872 667431618989073 100000000000000000 79534275556297 100000000000000000 632477886909254 623110333110171 100000000000000000 21961707534028 710953506561809 100000000000000000 402392031871783 334835928169149 123756452258755 589479457154820 100000000000000000 100000000000000000 304967714377881 718369796969560 208707233207267 221644769110953 502442085247725 100000000000000000 391175345069019 184601056294996 171466589717818 100000000000000000 395178382149505 490317497800256 825694800720702 100000000000000000 100000000000000000 100000000000000000 727880803906409 222967149249032 76202703650836 498984271597641 472197690674285 304658163878799 100000000000000000 100000000000000000 52459400246694 100000000000000000
20 14 156 960656 740 3044 106 646766 49308 657456 29 2 21443 65490 569 6626 428 88 803324 11090 658 4579
39 36 196 262 201116 26 282410 27521 28 734627 16816010 4033779899 68 892290365 96062 773271 1832 170314 902531580 64 123 713636 59745400 8345 688 3665751 3734270929 579 2004921 42100 1889 3151 506626 7 10402 704243 702920 21106 36 44 20664
56 34 58 56 17815 920 35 34827 97 792534 76345 617392 9 9 84111 67 88 13223 5394 0 928626 67 434035 8 15 16 21 94 10 79914 58 15044 8 58 93 14290 602616 10750 96 88 9 19 4 17 87 24011 70107 89 7 4 601190 177171 8 26210 19264 146077 41 94
22 1 891 2773422 80566 3828306 92 949706 949 98 202094 190 761412 621390 549 582 3104579 8226 4445820 936 784 7553665 0 620161
15 8 227 987 806 50 42 61 561 6 41 310 35 1000 630 467 122
