100
2 2 73 100
3 2 245 272 238
6 5 75 7 4 6 5 2
6 5 8 8 2 1 2 8
6 5 4 1 16 1000 64 256
5 3 0 7 7 8 4
5 4 5 6 5 1 2
5 2 1 7 6 8 4
6 3 200 400 100 400 200 100
5 4 56 32 79 8 68
1 1 9
4 4 71 6 10 5
6 6 8 1 0 8 8 8
6 4 8 5 1000 1 10 3
6 1 3 6 6 7 8 8
3 2 4 8 10
4 3 6 8 2 8
5 4 0 3 2 8 2
6 2 13 0 54 68 7 32
1 1 7
6 4 3 0 6 4 9 8
3 2 10 5 5
6 2 2 0 3 6 5 2
6 5 6 1 10 7 2 2
1 1 3
3 3 88 1 75
6 2 3 7 8 26 5 3
6 3 87 131 4 7 37 710
2 2 0 0
6 5 5 9 5 5 5 2
4 4 11 30 73 43
4 3 28 768 85 33
3 1 10 3 3
6 4 1 1000 8 1000 9 7
2 1 5 0
5 3 1 9 0 4 6
3 3 0 10 9
2 2 2 8
2 2 9 5
2 1 3 8
3 1 14 33 4
3 1 2 6 2
6 2 4 4 8 32 16 4
2 2 5 4
6 4 1000 1000 1000 1000 0 1000
6 6 2 7 6 5 7 7
3 3 8 1 7
2 1 9 6
3 1 28 61 66
6 5 9 0 10 10 10 10
6 6 8 1 7 1 1 9
1 1 2
6 1 71 4 14 6 5 5
6 4 4 5 8 5 6 2
6 4 86 8 13 80 473 25
6 4 5 94 39 22 62 55
4 1 7 5 4 8
5 4 27 2 35 636 276
5 4 8 5 5 10 2
6 1 70 46 50 80 87 18
5 4 20 52 68 301 78
1 1 10
4 2 68 12 46 4
6 6 77 0 47 97 4 3
6 6 48 2 8 76 8 1
3 1 8 8 4
6 1 8 9 10 7 2 1
6 2 1 38 19 1 8 34
5 3 77 14 885 976 4
5 4 6 10 2 1 5
3 3 0 9 57
1 1 37
4 2 623 538 278 83
3 3 4 4 4
3 1 2 1 10
3 3 5 71 8
6 5 88 68 12 64 42 73
5 1 10 0 9 8 7
6 4 2 1000 10 1000 0 1000
6 4 2 1000 1000 1000 1000 1
4 3 74 316 90 877
3 1 1 3 6
2 2 10 7
4 4 7 4 30 6
1 1 4
6 4 6 10 5 7 4 2
4 2 5 8 1 7
5 4 8 0 8 2 4
3 1 482 82 0
6 6 1 1 1 1 0 1
5 1 78 373 194 77 4
3 2 7 2 9
3 1 44 69 3
2 2 2 4
6 4 1000 1000 1000 1000 1000 1000
5 2 53 46 3 8 67
6 3 4 3 8 9 2 6
6 1 1000 1000 1000 1000 1000 1000
5 4 938 73 5 660 70
3 2 3 1 5
