1000
50 700 2
19 57 3
1 1000 2
24 97 2
19420940 621470048 2
119088568 216485719 4
7 7696 7
4 500000000 10
104305115 396345018 10
12023 788004864 4
2917 764674048 2
278402 360810288 6
743 187083150 8
3 222 7
179825 110843700 2
5957655 482569974 3
585559658 695416126 4
281935086 475533861 4
1655 867696640 2
559460419 585208692 3
238464940 953859761 4
2340 451962407 5
120213 167302815 7
4 1536 8
4552 298319871 2
605415399 736204311 8
970 6862576 3
16952747 830684652 7
2793 109939546 3
52492 860028928 4
12 74693804 6
192057627 386080081 5
514350341 737660574 8
656903749 938139519 7
59 12930 8
1 536870912 2
52695962 735878250 3
752408 752407999 10
129047075 551116621 3
5628 78475703 10
74142993 499986978 4
133044 544952320 4
63 134217728 2
342502095 353458153 9
36834530 282210235 9
2 564950498 7
588954904 884927954 6
975 172718325 3
4346 1299676 7
94429781 923126475 7
2 3414 9
3 2547 10
21580910 965804109 5
10760010 269000275 5
898848066 999409762 9
3 1086 3
196814 806150143 2
908986345 962577154 3
11287381 592441465 10
7043 828484258 7
413488205 560268391 5
43 433340929 6
251010420 458091120 6
892714077 918960991 10
66229875 469576677 5
277614005 728180614 6
13647052 668705499 7
1 536870912 2
770229096 841184695 3
143724209 656948080 9
709511213 933058970 6
25622 2075381 9
271 882 6
1302052 949195179 3
88026 211350427 7
346100383 477000227 5
2 13885 9
2 847425747 7
339580938 536736779 4
453577333 459545245 6
815458455 901135217 6
114016702 618224430 4
5108 37178728 10
822903463 911392914 5
15 906992639 6
318626168 320113627 6
15 2150702 6
284137651 852412953 3
98444356 885999203 3
13 239798066 8
753484 2284047 5
1 54263227 8
25336 830210048 2
394618840 519431741 8
2365519 55201008 9
249666808 977318139 5
98549779 788398240 8
145 608174080 2
259375 132800000 8
2 266 7
2654 383472 8
21 17139746 4
30372434 759310849 5
1782635 13761300 9
19 7658 6
19260561 466736292 10
6264 22253 8
3330771 852677377 4
24157 20711720 7
66708375 333541875 5
869 715658866 7
284071968 683256526 9
105049054 382794753 10
71061399 568491191 8
468 5670210 6
44558 696234375 5
38 89471575 5
98299329 698609574 3
69554 3991631 5
32455 212937255 3
227412713 749846845 4
35090752 877268800 5
4347 27121 4
726019705 896584124 5
6 671088640 2
409010 1473785 8
670383040 932433932 8
79801032 718209288 3
856328 993153788 7
703934 87991875 5
7280 954204159 2
24770628 874827024 9
3 805306369 4
9882469 295504981 8
3602749 57643983 2
457641845 940168512 4
5 671088640 8
848939451 903525531 7
1086 1470926 9
17217653 464876630 3
3 402653185 2
2252075 772461725 7
12 33 4
56720150 226880599 2
40 1054826 8
15724 928486475 3
318190922 386165038 6
34371 676504710 3
270 566231041 8
23 947027862 3
234290405 734414120 10
63 273179569 5
557 162283428 8
131371939 543774716 4
174 729808897 2
54 72787 2
52409560 314457354 6
428 726584224 9
3819 500695040 2
86025 668930400 6
6 5240111 4
82990788 829907880 10
48660520 796581786 3
5 684 7
1508 98828288 4
4215 23087 2
907894383 909150608 7
1 774840978 9
13678319 647968252 7
10 671088639 4
231221575 586385225 4
298926944 685491418 6
693546131 917803592 4
1 313667 4
1 33554432 2
147 268910 7
155 333610067 3
523407803 972008474 6
337 179627058 9
32912824 274277402 2
2 356429 7
243630095 724040201 9
6818471 334677326 10
41 53 2
4585862 30903907 3
485060802 931499759 3
244692679 555054948 8
17 29793861 4
54 187 10
760 44877240 9
68955 141219840 2
60 585937500 5
14145 463536128 2
607573699 903523933 10
588693261 895664277 2
266833605 620185027 7
22 369098752 2
119509499 358528496 3
551666823 952340091 5
404914641 620315476 9
1066608 1584660 6
16230 531824639 2
1019854 139897693 4
352407944 563910237 5
178109 4678983 7
773597432 932306607 7
637193328 773594085 8
834831628 897077376 5
1440 562500000 5
306586315 891905648 5
960 75000000 5
26403 75850 10
85277423 680302444 3
2 725594112 6
122388866 632675895 6
3 177 8
22 903981141 9
56542346 508881105 9
176151 90189312 2
338543763 492200029 4
443006 868641 6
211373371 519791446 3
38481049 346329442 3
9 226809944 3
4 1467 8
205923 462645 5
534456870 864188392 6
2 940016 4
115237290 856014914 4
57 328593658 7
163 21790101 7
47012291 752196656 2
6 678 10
3 805306367 2
23525 726078852 5
271 144020510 3
181316538 574957877 6
989 223395424 7
6640174 435931631 6
7 429199601 9
7552 445938047 9
13 69624759 8
4123769 334025290 3
1164 139903 10
61096031 712212419 6
786238437 861411834 5
60979655 490103290 5
646397 661910527 4
1703 477010944 6
5331 627304468 7
2134421 213442099 10
788641728 798537151 3
1952 511967232 2
5020201 52046365 4
8026364 523493220 7
353705 25185509 10
203 70518 9
4137712 893746008 6
80 894509 6
19 17617064 6
103125 212044 4
463933343 589178380 5
560280926 581138676 6
263668986 306915261 10
747548186 890681875 6
2 3134609 6
2 67501493 5
120 7012518 10
645843293 758881396 7
16695 28524 6
36822706 994213062 3
7 231249 5
113352 464289792 4
878629850 953257841 8
5089513 5563365 9
12674248 811151871 2
3738 979894272 4
48371878 276790757 7
3 18142 10
4 26 6
453534634 689518110 6
106825 81464208 5
717805287 734248756 7
393602389 993799435 10
562476137 586329314 3
650347476 664465931 7
24820 406650880 2
2720 713031681 4
113 44140626 5
84064664 806502144 8
5 99680 3
14 36 5
31544 129204224 8
7506 750599999 10
329531200 999244811 6
188369 452273968 7
2692 80572 7
85845853 343383413 2
632650785 668448530 6
560 892820880 3
323420 40427500 5
5 12 10
55 14861825 6
238037335 796885190 6
21799025 752377527 7
18 26 9
253 463478757 5
1 1000000000 10
456608105 913216212 2
23477143 701451054 9
413484 21966894 4
10 363182463 7
782790765 883620916 3
710649353 770462944 4
50 307 4
96467641 554339888 9
2 102541 3
38552005 565923949 2
18384202 661831236 6
7182 424089918 3
870 912261120 4
39183 658531874 7
512287 663922656 6
1230 654203871 3
867919876 872447095 7
2423 114229059 4
11 184549376 8
57635829 856107662 6
10977 18016046 8
19211349 525569406 10
699663 69966400 10
163038 211297248 6
564395119 587923470 8
1005290 344814813 7
5 2138308 8
219873451 793678938 7
1 296 8
3 7 9
1 268435456 4
114190778 911142165 5
3282 82221569 5
10300974 659262336 8
9673958 543218569 5
224024291 722106365 4
88332 883330000 10
53539279 428314224 2
343345075 458854408 9
557140709 663596984 9
442912453 908908875 2
3217014 102944448 2
13216144 475781185 6
100326523 601959138 6
3635819 733385675 2
693819117 850031284 8
9212905 589625919 8
6 672546 10
24641 807436289 8
215 134489 4
4 86 7
174363 714190848 2
686110152 851999891 9
1 270610903 7
155664237 911475547 6
80910111 578753168 2
125570 823858209 9
1 141900 6
2252 1066474 10
12 86931049 7
3 725594112 6
202219 216837134 5
67 257153643 9
30498 184501 8
2 956 10
568350946 875235990 10
44 631351909 3
31723495 974283561 5
559982279 573119636 5
1661 870318080 2
316997391 607123428 3
581 21998 5
4 1002179 10
1770908 16468803 9
8 301989888 2
515156580 974844511 5
896 896000000 10
27365680 437850896 2
18 7760957 4
7822 512622591 4
33 450754788 2
9943 68585 6
1 1647086 7
4774849 386762769 9
71590 1253059 6
13 10231381 4
6784 444596224 2
8852 138312500 5
1574 2488 9
67878 527819329 6
210538635 780058947 9
653599490 852460039 2
525 824265235 6
44534 182411263 8
39 370 10
3 299999999 10
5 67108864 4
15 906992641 6
173394093 881607813 6
164 16945 4
435819318 439396321 8
1053016 255882645 3
1171 10713 10
827 38584512 6
3260 854589439 8
15 732421874 5
94428450 377713800 2
562712495 701400463 10
192070243 696755780 8
531457286 538384276 9
3575 18459990 10
112548871 760833811 4
25358756 912915216 6
407877709 576295309 7
711280009 994480592 6
6237867 505267227 3
70991828 567934624 8
1894 496762880 8
116612595 993514489 10
7169715 458861761 4
1467 353136 4
3 564950498 7
310822780 385780181 2
361592664 540892328 4
465 779341824 6
1989 521404415 4
3 847 3
162 3601353 8
103 346 2
70 350 10
2 5191 7
5 402653184 4
58325417 333725449 8
196459564 662076546 7
285886 24689792 9
3191783 408548224 2
8 29 8
463969 29665958 7
176 777422 9
2 1000000000 10
1 13472 4
4 536870912 2
647116523 772172693 9
142 595591168 4
261953028 484224265 3
625129773 957517165 9
1 40 7
52 3591365 4
2266396 285727876 5
685673228 811331334 8
300263036 765876815 9
265202906 383546115 3
33 5737 8
191233336 848998613 6
6 600000000 10
890267 649004644 3
2549 1403252 8
256467360 953538087 7
466881 478086144 2
85753793 771784137 9
22364 767886509 5
46598212 135772951 9
161097902 961439249 7
3135 313600000 10
70 1841037 2
2 620267318 5
10014 168305298 7
1 4 9
459859518 951839257 8
99 1000000000 10
4 5000000 10
30008935 811623010 7
30574410 159499954 4
5589 2012133 4
894116 915574785 4
344727645 750599154 8
37708012 198831615 5
2067 366162850 3
229642691 979224673 5
5 51804 6
669032 34365644 9
429960944 795257445 4
234537 10528237 5
279550812 793993761 4
395849465 986755096 9
5294 413671875 5
2 31732214 4
47949735 127262439 6
22544 147911185 9
131 15412019 7
1522 37953 4
311043 2318981 8
173794578 199804187 4
825254658 911849224 7
15 645700815 9
117107757 819754298 7
1 53570242 10
84922313 751626842 8
134 2548 2
11739615 23270317 4
21728522 498316960 10
218959860 561110266 9
411 10975730 8
3250443 832113664 2
17 16682051 8
4 976562500 5
321479989 998506133 3
239489865 951075765 10
12 110854656 6
7395 577734374 5
855794 534871249 5
827629423 848197790 9
183181801 550126182 3
344883609 856334397 4
26859 4104335 3
59 503316480 2
508699787 609319089 6
39488 646987776 4
70 397771269 7
412865932 666285315 9
21494044 687809440 2
105905 54223872 8
399548345 792053330 8
339772538 582177439 3
91969491 729686010 8
2 134217728 8
5032586 24365502 7
662066643 844237885 7
3947 3430475 7
257136339 930228215 4
817478789 831172011 8
13489667 863338688 2
2 24 4
99682332 398729328 4
8 387420489 9
880259 450693120 2
139 669615660 9
15 906992640 6
22028 180453377 2
86477938 172955876 2
12 218103808 2
133707595 458686151 5
47954 3562322 3
490959713 634436959 7
1436 265554685 9
30400 598363200 3
14879 7468540 2
11304764 543714514 4
177004185 436101054 5
675545555 992978117 5
669443766 875060761 3
1 387420489 9
25816405 44732408 7
665380330 948357542 2
191969 191969001 10
123991 813498390 3
11073 14027 7
75932 166063285 3
2 21026 3
1 244140626 5
11716071 781817586 3
530894531 600788549 8
427088280 938303005 6
2934 316034587 7
244246413 754139688 4
335622257 357192626 3
798510 194037930 3
148758425 666338761 6
5576390 713778048 2
474 927734375 5
30818 195553232 10
282091285 285066456 3
1219705 12570853 4
3 805306368 2
13 634765625 5
368920590 597090396 4
642107614 688730619 6
29 130 9
541 3263648 3
4 70034564 5
414050800 828101598 2
66385 663849999 10
41 13534305 2
102701 37990581 7
211202266 471428099 10
166273033 667353791 8
112 1835007 4
1667 108134602 8
3295 2536226 4
188923907 434289135 7
13037 1225368 7
2783 182386689 2
322568052 793080861 10
446727545 750961557 10
15825 247250000 5
11573212 613836940 5
211381199 728349772 7
1716248 439359488 2
21 903981141 3
274743430 836978371 7
50 838860800 4
24 419430400 4
33246099 166230494 5
1628 1854 10
447026371 758144403 3
891 249422976 6
119919133 719514804 6
23 360992057 5
4780 8513 6
18 47250 5
13 6908732 9
37833866 933988797 3
2 121060821 7
61325626 313814144 10
95448 428884 4
115744557 134977313 4
497312302 610878240 6
90399610 459201064 3
324 545875200 6
269 1744448 9
4 201326592 2
49705534 67267111 4
457333788 465295186 4
783736429 893571641 8
4260519 545346431 2
19311 23151 5
2 11529602 7
1125315 820353906 9
13 872415233 2
17 686011319 7
12249 200671232 2
270074467 749752162 3
1 115911 6
2 774840978 3
176422402 385360555 4
861 902823935 2
58201925 931230801 4
626399362 884931873 10
409 798828124 5
41 21789081 3
104936 859627520 2
5 774840978 3
34097466 705369867 10
78 260814 5
221765575 573069050 3
450882455 943051596 7
160546 104909699 5
3 201326592 4
2 99324147 8
718911 4226204 8
59047 241856513 8
432425727 454163422 6
375 22143376 3
246067852 354895966 5
432825219 833894564 10
4 1920046 9
28 336628310 6
2394 670166783 6
281754777 681773172 6
215540979 457964576 8
104388787 223971531 5
3 948700 4
21114 214068 7
813656874 857383711 7
148458393 593833571 4
1426 40004996 4
160439 164288512 2
258955120 345418883 10
4356546 59319759 10
177962 556134375 5
2 536870912 2
391438150 705542527 9
20 83886079 4
547876356 789509846 4
112631 21019062 7
388572789 563553926 4
7 9076422 9
195 7793425 7
694 726663168 4
293334371 795158782 10
222613253 375195996 5
36 72202786 8
414056218 867392340 7
384942 3487677 5
869054831 990677159 10
453353544 873330651 3
36 4800 3
616473443 651900755 5
505320013 810812879 10
179059105 856446508 10
871 201743487 8
577552934 979818766 7
226 441406250 5
30 300000000 10
258416 34413629 10
122109068 122641978 8
417230179 992952212 3
174621140 447695167 9
381372732 796224151 5
630603982 722403463 8
471727118 880851589 8
2 536870913 2
13 4887 5
755493938 961089313 8
167426235 903613780 4
207 868220927 2
465 921 7
346 725614592 8
599430648 996836179 10
317610 1657065 9
164272460 786962962 10
1 774840978 3
105047 689213367 9
622861 1407263 9
18659 611418112 8
525411748 555797285 8
497254389 602429544 3
231 242221056 2
1 387420488 9
1885 333744948 3
7731 126664705 2
9 202 5
425687139 953754604 5
10579315 74055205 7
4 961682 9
311354006 346826955 8
49416881 874424006 6
1506 9421917 6
356329051 384700053 8
343085656 684788322 7
7 6464312 5
4 732421875 5
24 344373768 3
89 186646528 2
254 403363719 3
475931 974706689 2
3449440 745079040 6
4800 283494249 9
546700835 796731860 5
1 34882044 7
54 544195584 6
470086617 505362921 4
7615089 205607430 3
12 126953125 5
260352472 749994274 4
104722576 733058033 7
650 1079344 7
10853 355598336 8
18 603979775 2
1 362797057 6
303949 89423882 6
298539037 783679171 5
3 387420489 3
291171736 410396839 10
1340 5020 10
588092907 836497381 6
41 235845 5
1 220436 7
240307313 536844793 8
2517936 611858691 3
1065169 365352624 7
25042630 868057167 9
239696889 976594311 9
3162 8595 4
268722367 376186878 10
3234 147384 10
166294135 784229750 10
541974112 940984056 3
141261 6153557 5
20066122 761685576 3
1 48828125 5
14 179697 7
908282454 922069562 9
350336 766184832 3
41 189407 10
81 1654 8
36295 714394486 3
251258088 972293328 3
12738 1444133 5
8447451 684243532 9
68530943 168851707 6
10 671088640 2
69 2836 9
5 247022 3
5687985 56879851 10
97 960000000 10
407 216296487 9
5 2805189 6
3828 6365281 6
2072 543162367 2
126 204 8
1560 408944640 8
873710 894679041 2
3390 158163841 6
41 462934 9
6 645700815 3
79364293 444531307 6
3770 30639 9
13252 33546830 10
18251502 155659956 7
260 16375 8
8 2792218 6
203425 833228801 2
1 4782968 3
347820583 858132204 8
25445322 825795436 10
436546 6145715 8
1953541 105856816 9
15254 1052274 10
18 250961 8
186 884849265 9
1391 182321152 2
1213274 758296250 5
236603921 436134953 9
1815 708984374 5
4519513 289248832 4
719007 719007000 10
60 846585513 3
197384 202121216 4
286156 687060556 7
355053505 436938667 7
11594734 742062977 8
129392369 275866737 10
501819 365826052 9
50162 31351251 5
294 54197831 7
7023169 84087118 8
31 148272039 9
503723889 692232738 10
98221621 991984723 4
24 2449 3
48426530 868326753 10
37 351562500 5
849694105 879470341 10
55427129 151767081 9
4270966 68335456 4
1 1000000000 10
3360 336000000 10
508760487 971304754 6
73711164 589689312 2
247199156 726258609 8
284080181 779574716 7
264 443418624 6
1 89 3
128 266338304 8
13534 6929407 2
6875 16772 10
83014068 395768096 8
319827 233153883 3
870808487 938383981 3
147 84973589 10
2226165 3784227 8
221246839 991803690 6
3363184 30268665 9
35 603979776 8
576 1794 9
21179833 23738136 3
27832 17537742 5
4 24102128 10
49808 408027136 2
3 55116 5
432437 1978674 2
446777926 969332176 8
590202858 618290223 8
81 671088640 2
367912966 933247712 8
497041346 622153115 9
53 889192447 8
3 100242992 5
5062 28773 9
681 714080257 2
269197537 930041570 8
265162493 545862491 10
414084513 984053957 10
113714 124404 6
991578 96517961 6
626 999640521 3
550 340699 7
822 190161 9
284003 887509375 5
58540137 564938624 9
1 127286 7
16078 38607 4
4 20869925 10
619 618999999 10
3 2927 7
34 553648128 2
14 8426090 7
216 905969665 4
21842934 58563935 7
67 3908891 6
636092715 639911644 9
757259859 803229770 8
616799321 933034998 3
4 805306368 4
659 31041 10
44 50446383 10
137906323 942496506 10
187 391886 9
22 110008287 3
2181440 558448640 4
594018966 832182950 10
26073217 191997175 6
5 41943040 2
33348 333480000 10
328674506 441738212 8
140093043 861970344 3
3 172186884 3
794332348 982759091 10
119327117 172896747 10
1986349 508505088 2
306845 370082313 9
131547648 473046887 8
657048 47235147 9
341923023 406061603 6
10 132899853 6
277075 567447552 2
2984774 373096749 5
7781 193641 6
129496 168952393 10
1712 39562 7
390075843 802753929 9
7378949 44701512 5
12 335041807 9
21123 34638609 9
3087675 790444544 4
59 1526836 10
78265 2557957 10
36581148 59586294 8
128420205 293575086 6
3 736243 5
5861 273450815 6
5370 1175351 9
1442476 70681324 7
10859049 277425203 6
39 32118177 7
1519 796917760 2
5 671088641 8
38191758 381917570 10
1269998 25069698 8
2 19 5
195744 3706865 9
315133 689195870 3
3 216526 9
247378380 977099635 8
300900372 391950290 6
192378994 577136983 3
2718 45698233 7
18932 59159375 5
702 10479 6
1136 649858259 6
20736367 103681840 5
223270419 844608925 9
71899 20241918 9
34974643 333753505 7
383630737 834784280 9
720642586 786427686 9
387291 4678548 4
467539 340835931 9
25 6980570 9
12129313 97034505 2
223761700 637251144 10
257607878 979364634 5
101 211812351 2
23434709 374955328 4
105285 818688384 6
131598 539025407 4
851109638 880208912 10
28 87036845 8
202830650 217002804 7
87 92614355 8
8223335 526293439 4
687186924 770012716 7
4582215 293261761 2
353 18311344 8
523035965 563524035 3
26210 171970371 3
3443976 322553663 9
8 64801 5
49 111087489 7
254130951 750014477 9
228 3039 9
662 694157313 4
149237452 277475911 7
39013573 222115226 10
594761 128468375 6
2 387420489 3
2 60808 5
3557333 355733300 10
646295841 761144108 3
814815113 927366848 9
120 573956280 3
