1000
50 700 2
19 57 3
1 1000 2
24 97 2
60 716 8
5 17 9
526 814 4
91 281 6
310 695 10
173 927 10
413 757 7
330 643 7
54 144 6
137 996 2
86 426 5
5 750 5
516 931 3
931 940 4
79 187 6
8 11 9
99 972 9
13 36 5
22 791 6
313 544 5
6 105 10
194 968 5
3 6 9
2 199 10
30 91 8
250 466 5
562 924 10
2 19 3
87 349 4
17 736 8
8 29 9
29 88 4
1 729 3
200 732 3
1 4 4
2 99 3
15 49 7
139 746 9
6 440 5
108 671 8
8 52 8
522 617 5
4 23 3
479 968 10
466 921 4
59 126 6
649 682 5
389 971 4
32 691 5
2 6 3
166 832 10
668 811 2
101 633 8
51 203 6
225 833 9
22 207 3
2 212 7
10 592 10
1 255 2
1 625 5
79 684 5
527 726 8
19 121 10
237 661 7
61 976 2
101 745 6
3 83 9
430 464 9
57 833 3
342 624 7
766 928 2
13 16 10
4 19 4
48 457 8
314 706 9
7 980 9
11 62 10
15 20 10
4 891 4
1 39 6
8 88 2
182 917 8
247 854 3
761 800 8
51 196 3
6 141 4
174 538 7
148 426 4
376 935 6
9 166 5
527 852 2
779 938 2
518 999 7
15 297 5
10 24 3
557 702 10
781 832 9
3 11 2
292 361 2
256 762 8
295 453 2
12 749 7
1 999 10
2 622 3
322 517 4
337 843 8
367 469 4
782 887 9
21 567 3
114 445 3
415 892 8
1 14 2
1 7 9
3 12 5
390 979 3
89 464 7
124 542 3
26 922 10
348 922 3
62 84 6
17 64 9
906 960 8
3 60 5
453 590 10
589 870 3
12 275 5
60 108 10
1 18 10
195 887 10
6 244 10
8 13 2
261 920 3
9 360 6
5 497 8
389 498 9
132 705 6
26 150 6
3 165 6
1 120 10
27 668 5
31 421 3
7 906 5
619 729 5
5 58 4
5 10 8
2 5 10
252 414 5
208 819 6
333 998 3
260 785 10
1 243 3
13 901 8
3 33 7
94 313 4
2 178 9
47 768 2
6 36 6
9 41 6
289 795 5
3 242 5
6 31 4
11 306 5
33 40 4
72 544 8
2 15 7
25 32 5
12 14 8
810 892 4
68 691 8
365 842 8
95 826 2
443 901 9
175 608 10
626 910 7
10 266 8
52 105 2
48 378 5
738 848 10
12 138 9
1 43 4
31 196 3
7 899 4
135 816 6
114 535 2
11 37 9
486 498 5
223 549 7
1 622 5
5 142 7
28 136 10
112 904 2
455 480 3
25 594 2
55 440 8
440 763 10
140 550 7
58 78 5
287 951 6
17 981 4
846 863 8
15 686 7
37 972 6
7 10 9
2 12 10
13 180 4
84 985 2
542 815 6
26 366 3
122 366 3
28 53 6
632 689 6
231 817 6
1 25 8
113 452 2
4 324 3
98 965 3
2 381 2
86 680 3
15 960 4
98 519 2
7 237 5
100 146 3
1 513 8
273 293 10
711 947 3
171 786 2
32 54 10
238 681 6
526 572 7
14 233 4
241 799 7
787 977 9
63 569 5
57 591 5
264 526 4
2 512 8
35 522 8
62 894 3
11 14 8
3 324 9
268 693 9
356 886 5
4 15 8
910 986 10
134 508 5
295 845 5
144 950 10
121 539 2
445 881 4
126 385 6
134 150 5
215 216 8
2 151 5
493 917 6
104 603 6
318 937 3
576 903 4
1 275 10
1 385 2
837 940 7
8 28 10
67 791 9
514 909 7
18 487 5
271 680 8
2 31 10
22 252 4
622 814 8
551 845 10
434 718 2
3 543 10
52 130 4
69 630 9
16 68 10
556 559 10
28 777 10
202 253 10
98 785 8
528 804 2
3 28 5
42 110 2
431 880 10
1 15 9
3 636 5
33 392 10
9 74 5
458 924 6
3 39 4
495 820 8
2 648 6
1 415 5
2 384 2
270 583 3
2 412 7
3 5 7
5 132 7
22 121 9
40 291 5
321 440 7
65 243 7
309 528 9
1 67 7
424 641 4
4 38 6
8 24 10
7 405 8
597 636 6
3 768 2
736 910 6
13 337 4
5 625 9
128 603 8
274 446 9
2 191 2
2 28 3
771 998 9
578 625 7
244 378 10
11 43 6
72 87 6
298 939 9
2 4 3
127 603 5
601 872 8
181 895 6
6 21 6
1 512 8
577 767 10
162 361 4
103 154 3
118 329 6
212 651 5
8 372 9
668 860 5
253 905 9
518 766 3
3 87 6
1 10 7
322 658 3
111 202 8
136 510 4
105 931 6
125 285 2
92 810 4
1 512 2
361 458 5
326 559 6
202 753 4
44 119 4
456 983 10
856 902 10
132 609 4
325 798 9
81 269 6
1 276 5
2 512 2
4 176 5
474 968 6
128 358 10
170 398 5
252 359 3
2 261 9
8 28 9
832 881 4
1 398 8
299 830 5
28 149 2
103 435 2
11 240 3
5 776 6
2 8 4
383 696 9
496 679 7
482 934 8
74 498 3
583 671 2
99 991 4
14 627 5
689 839 9
6 385 4
12 82 9
3 130 2
2 10 6
938 991 6
7 20 10
1 85 9
480 922 5
142 321 5
48 641 6
5 384 8
10 14 9
1 74 5
1 5 9
42 279 10
85 214 6
121 959 4
267 732 3
2 128 10
2 484 10
1 40 8
6 14 6
1 4 9
3 6 10
27 856 7
506 614 6
1 729 3
391 434 5
1 2 8
136 293 5
59 522 3
200 442 7
608 717 9
194 485 7
5 7 5
19 118 7
2 406 10
363 623 4
408 500 5
119 904 5
577 906 8
398 604 7
77 125 8
11 703 2
575 581 5
689 973 3
151 473 4
65 196 2
190 429 4
74 561 10
2 86 4
564 878 6
64 418 8
320 956 6
800 867 6
29 983 5
2 4 3
36 72 2
59 928 2
15 677 8
3 33 7
5 32 4
10 722 3
253 318 4
22 24 3
750 857 2
2 3 5
20 90 10
378 431 3
143 665 4
32 288 3
311 566 5
5 156 4
65 102 10
14 232 4
287 832 8
868 943 9
37 208 3
274 388 3
2 289 5
5 237 8
3 191 8
5 20 7
1 871 7
136 681 5
54 108 2
227 864 8
56 197 8
603 900 2
1 24 3
920 978 2
106 386 4
817 943 10
1 76 10
2 687 7
278 674 4
857 990 10
90 940 8
542 694 5
459 544 6
47 121 10
480 815 9
30 145 7
252 335 3
58 101 4
787 922 8
19 41 10
333 759 3
89 236 8
264 279 5
9 86 6
2 691 7
211 260 7
390 871 10
451 595 10
3 835 9
23 354 8
6 113 6
3 29 8
674 697 10
139 497 5
253 525 6
433 557 10
154 301 10
27 136 10
98 860 8
271 650 8
44 704 9
868 875 10
569 591 7
114 452 2
162 629 9
2 768 2
2 9 7
14 960 2
5 666 4
707 725 10
246 911 9
2 16 5
49 545 2
169 930 2
429 658 6
45 203 10
7 145 10
4 958 9
572 600 10
2 3 10
76 127 6
675 727 7
1 15 6
3 149 9
134 273 3
65 283 4
499 746 6
75 363 7
14 211 4
227 349 6
33 512 4
150 913 5
616 627 3
10 328 2
56 121 9
5 134 3
305 739 6
2 22 8
136 548 4
35 946 3
12 878 2
650 890 7
48 383 2
46 172 6
559 577 8
7 768 2
755 952 8
18 178 9
33 96 7
1 512 4
707 775 10
597 625 2
149 585 5
26 932 2
1 5 7
3 19 8
1 4 3
3 512 4
174 415 8
333 588 10
17 512 2
1 90 9
733 995 2
15 288 9
1 1000 10
7 419 3
7 252 6
8 352 8
37 95 6
485 968 9
5 279 10
358 725 6
233 384 5
1 625 5
2 28 6
453 904 2
24 250 3
1 512 2
32 288 9
179 381 9
31 930 8
1 538 10
158 437 4
556 847 8
794 983 8
13 22 10
2 542 7
17 213 2
590 936 5
16 512 2
2 10 2
114 341 6
507 804 3
303 643 2
5 404 3
240 946 6
625 918 6
6 749 5
614 651 3
558 800 4
30 101 3
213 235 6
212 410 3
33 80 8
20 948 6
147 887 3
13 123 5
5 582 3
3 5 6
108 819 9
16 820 5
37 469 8
70 610 8
6 203 7
54 215 4
8 224 7
876 957 9
43 450 8
12 28 3
135 944 7
8 823 9
18 55 8
61 434 7
8 165 10
217 955 9
172 692 2
5 11 2
438 802 10
1 11 2
76 182 4
1 624 5
5 7 8
392 682 5
353 679 9
791 995 8
2 420 7
2 21 10
7 431 8
604 988 7
3 55 3
54 864 4
107 597 8
672 868 4
439 911 7
1 729 9
263 623 2
314 736 4
176 642 4
170 961 4
8 801 10
80 568 8
7 25 8
177 681 7
1 7 4
2 20 4
350 982 2
455 959 9
80 229 5
391 470 7
784 826 5
72 267 5
177 272 8
1 75 2
35 291 3
18 959 7
1 14 3
25 40 4
24 632 10
356 495 5
227 433 9
16 28 8
4 864 6
1 6 3
32 179 5
784 983 2
950 979 7
3 29 9
280 607 9
98 882 9
172 790 3
2 25 3
2 170 5
203 692 3
117 728 7
362 917 2
716 906 7
28 199 2
2 10 8
6 97 7
3 375 5
186 729 9
34 452 8
46 229 2
8 19 6
15 55 7
160 690 9
5 574 3
258 541 5
141 704 5
27 54 7
31 587 6
310 827 9
6 768 2
4 531 10
44 172 4
40 297 4
10 129 4
2 3 2
149 311 7
293 421 5
290 957 6
672 995 9
145 166 10
1 343 7
1 17 8
60 919 8
724 836 8
77 715 8
19 176 6
110 660 6
1 5 3
5 696 6
96 859 3
28 190 6
8 648 9
3 768 4
118 188 4
257 261 8
8 21 7
60 377 7
6 7 6
211 596 2
2 235 6
295 507 8
38 224 3
73 894 9
77 522 2
42 835 6
181 254 5
3 17 6
15 592 8
248 289 7
83 270 7
261 437 10
71 83 4
2 685 7
712 979 2
10 110 10
36 901 5
336 554 7
648 854 10
604 697 4
4 23 4
21 284 7
429 567 10
262 300 7
504 909 4
89 229 7
3 414 3
86 773 9
8 351 2
224 475 5
2 115 9
14 671 2
12 80 4
10 71 4
22 165 7
3 890 7
82 235 10
14 140 10
11 322 9
217 715 9
1 37 10
95 600 6
1 44 2
76 872 4
330 663 10
39 765 9
1 730 9
331 959 5
1 728 9
53 230 6
12 48 4
252 833 4
6 19 5
82 267 4
174 977 4
65 531 5
67 469 7
900 999 5
348 961 8
2 191 7
1 40 7
334 473 9
558 679 4
199 973 6
308 330 3
13 972 9
490 537 10
126 819 7
7 700 10
4 8 3
2 58 7
652 958 10
6 278 6
5 11 3
16 562 7
45 524 3
99 117 3
63 517 9
397 843 2
1 298 5
8 607 2
27 329 7
425 731 2
1 13 8
1 302 4
2 554 9
16 52 3
70 741 8
688 953 2
37 195 9
73 504 5
2 20 5
205 548 6
4 648 6
2 10 7
6 246 7
1 10 5
273 417 3
34 405 9
18 79 4
69 796 2
4 516 8
17 82 6
4 390 6
5 131 10
157 472 3
2 485 3
63 496 8
31 99 9
4 770 4
2 81 9
468 507 8
117 734 9
44 208 7
318 494 10
1 65 9
131 962 8
32 319 10
400 416 2
80 393 7
19 980 7
1 43 7
9 12 4
254 763 8
28 945 2
882 999 2
727 899 6
36 938 4
1 1000 10
27 286 10
76 949 9
539 825 5
14 355 4
150 325 2
4 20 8
75 375 5
379 875 7
16 24 10
448 675 3
379 447 9
119 952 2
18 882 7
7 118 3
4 80 6
219 751 4
506 784 7
9 204 10
54 865 4
203 320 7
1 356 4
738 887 6
18 19 4
29 575 7
518 999 6
753 885 4
2 128 8
560 926 3
25 571 9
413 502 8
96 902 3
17 20 9
345 389 10
11 22 10
23 178 6
2 5 5
1 839 5
8 257 2
3 972 3
60 253 6
326 866 4
11 141 3
35 384 6
900 995 9
136 665 6
536 958 6
265 475 2
275 588 4
625 859 2
385 745 5
8 101 6
92 224 9
154 660 10
173 654 5
234 849 9
30 99 7
86 261 7
6 209 9
1 574 8
1 26 2
193 568 3
11 204 2
195 978 7
466 728 9
306 748 9
48 117 6
2 9 3
603 902 3
7 32 10
217 857 7
106 995 6
33 825 5
360 600 4
244 318 7
482 647 2
9 810 3
928 974 7
546 558 7
331 961 7
15 115 8
11 704 2
3 710 3
490 663 7
727 729 3
7 80 9
1 834 3
14 504 9
97 823 6
71 414 2
222 758 5
19 84 8
455 944 9
494 844 6
3 484 3
3 4 8
542 695 4
7 638 7
456 784 2
20 42 9
142 862 7
682 988 2
945 949 3
11 278 5
2 127 4
298 799 8
198 551 8
5 10 4
1 9 2
51 963 3
90 187 6
56 503 7
10 13 7
3 292 5
1 11 2
23 51 6
632 784 9
16 59 8
221 476 9
141 959 10
495 498 8
577 772 4
1 3 4
151 639 6
381 763 7
2 729 3
9 22 2
388 410 4
2 20 3
64 248 10
