200
100
1 2 3 4 5 6 7 8 9 10 11 12
100
52 50 25 100 61 63 70 51 71 55 10 5
100
200 150 250 132 125 110 210 220 180 176 108 113
450
100 132 169 179 194 204 186 180 228 140 145 144
250
12 212 9 89 8 88 7 87 6 86 5 85
267
205 41 220 179 233 227 77 44 120 108 71 234
280
84 183 123 46 79 117 18 180 93 215 218 95
465
160 57 124 1 43 68 15 203 239 40 219 4
474
84 197 13 120 158 12 196 136 214 154 237 245
357
225 204 166 52 199 164 95 21 233 38 146 140
490
207 243 96 184 167 101 66 120 53 55 78 222
283
46 219 119 88 147 59 109 139 210 89 136 31
189
145 225 243 60 17 115 76 39 231 68 151 13
307
187 227 189 119 223 236 111 199 117 51 197 151
267
14 36 86 176 211 3 44 228 1 207 20 230
184
118 194 33 17 76 10 16 107 42 104 99 56
119
164 206 249 201 73 197 244 77 115 51 67 83
326
120 66 235 93 34 151 245 191 74 31 8 112
124
145 155 133 148 34 116 240 90 91 195 12 118
457
162 240 138 249 177 196 212 92 123 139 194 99
190
128 3 91 155 193 7 96 210 223 184 219 248
355
240 180 84 246 61 136 233 146 189 164 161 147
442
182 61 177 107 78 119 33 204 71 6 186 114
418
31 144 179 240 50 206 14 52 235 117 247 18
377
179 213 24 186 156 215 109 162 32 30 174 43
145
5 69 165 231 176 46 1 224 38 36 67 249
232
216 128 176 20 48 28 5 194 183 51 85 248
410
176 192 29 225 145 224 82 221 96 105 188 19
497
179 95 210 96 233 216 195 172 43 24 128 114
239
171 116 232 20 176 6 158 129 134 218 127 72
149
10 197 25 82 8 97 76 150 187 240 53 49
307
167 44 95 249 30 150 156 8 42 89 62 122
114
90 169 86 176 26 210 182 20 104 199 131 17
360
128 92 151 71 79 1 202 36 138 170 192 136
144
73 85 184 93 119 59 111 20 171 212 128 241
190
70 227 46 126 89 23 121 138 156 242 111 188
461
106 203 34 108 158 215 69 102 54 88 16 211
152
9 246 96 222 186 215 193 123 100 14 75 103
100
249 37 145 29 160 225 73 150 227 54 100 152
482
195 82 31 159 101 23 97 211 17 95 27 233
203
203 121 224 247 96 236 75 12 136 215 43 227
415
176 136 47 123 6 89 41 20 1 244 227 100
161
116 150 160 237 229 55 208 51 185 100 40 225
192
117 223 27 191 74 55 77 9 167 36 160 30
321
198 72 58 79 23 217 235 160 92 75 149 44
446
234 82 36 237 241 108 161 178 235 163 74 173
373
81 4 90 10 238 135 56 64 142 240 119 53
437
130 67 102 168 53 240 103 199 91 92 187 33
147
88 214 28 200 162 194 190 169 225 235 189 241
186
202 227 243 135 108 153 92 185 18 200 246 232
267
208 91 40 10 226 186 238 153 187 67 151 213
136
241 168 213 24 249 133 124 27 40 226 7 172
382
221 122 99 179 123 136 9 102 163 76 204 184
243
196 206 3 151 136 247 29 41 92 218 215 176
408
96 158 47 249 171 145 86 218 21 246 100 205
102
209 120 11 15 5 37 222 94 44 110 124 10
102
17 182 29 26 170 41 120 145 185 198 38 131
253
158 178 240 55 200 31 207 85 73 185 189 157
130
180 175 194 197 71 191 21 186 66 8 113 19
369
164 138 200 137 5 177 236 156 73 240 163 89
172
231 232 15 178 106 245 226 182 238 115 165 215
479
232 54 51 198 210 245 244 25 6 119 50 213
195
236 79 166 144 57 204 233 245 95 84 210 70
226
97 194 158 104 165 19 82 20 85 77 203 177
382
131 196 48 243 84 10 228 122 219 192 210 140
215
69 244 179 177 212 229 106 60 237 170 3 98
312
146 232 76 30 217 21 84 128 49 60 249 117
134
143 163 119 15 87 83 36 89 57 179 70 150
390
181 234 67 56 160 2 99 28 102 86 75 63
474
96 94 203 170 129 12 104 246 226 245 179 167
412
209 29 202 212 120 195 88 151 194 231 48 37
106
46 18 87 54 59 185 182 99 145 88 153 215
357
139 66 155 133 184 165 110 49 103 51 209 112
328
230 144 189 227 235 66 231 196 4 209 112 249
365
14 213 249 26 247 113 25 118 174 63 201 168
191
77 243 152 190 191 210 137 121 244 201 231 113
123
153 188 94 19 102 41 194 180 83 212 48 17
404
204 217 192 74 24 120 245 69 103 98 172 28
297
181 176 80 6 226 111 42 168 95 149 21 244
442
76 111 23 187 120 138 128 62 116 134 155 156
242
12 99 204 69 190 217 143 128 6 87 82 202
232
248 157 171 172 194 238 54 184 156 9 40 127
423
12 196 44 11 93 89 148 5 18 141 244 198
270
20 99 222 172 187 129 158 165 108 193 230 32
445
79 213 183 86 110 58 174 118 35 180 152 158
264
146 200 161 207 90 23 109 142 182 249 119 38
199
182 243 155 24 10 70 116 109 91 215 57 32
271
15 109 42 113 178 245 183 71 161 54 187 207
397
216 80 230 23 118 36 50 58 47 14 206 105
402
119 145 57 43 212 46 100 81 102 90 117 185
490
94 43 136 234 9 192 113 180 231 166 30 221
372
242 224 232 2 239 249 197 68 100 58 213 121
421
207 232 45 35 159 212 155 30 216 181 51 7
115
21 69 64 128 133 220 56 82 164 178 242 54
342
152 127 157 213 196 220 96 194 149 23 66 9
225
54 37 4 184 250 41 156 87 244 47 44 64
408
136 219 222 243 78 35 158 188 208 167 186 143
324
62 80 186 107 117 217 248 48 57 51 245 21
452
98 110 137 51 169 117 128 147 99 243 8 244
121
44 156 168 208 39 40 100 58 161 63 52 143
405
46 225 68 122 213 241 166 110 66 116 2 117
458
100 202 68 75 82 92 78 187 112 176 87 201
296
130 167 228 213 198 75 142 60 126 100 133 217
208
21 38 163 220 59 34 35 224 249 188 48 162
398
217 134 115 6 133 218 197 207 28 136 87 240
373
49 245 202 215 220 180 63 230 28 7 96 48
465
92 200 108 193 68 120 235 166 30 43 85 66
470
82 18 95 175 27 119 199 225 100 93 193 136
298
138 250 8 176 130 3 98 91 157 107 81 65
240
52 177 118 59 5 153 149 184 236 125 21 167
169
45 195 27 29 109 188 44 119 12 19 166 124
453
169 221 76 181 219 172 1 32 249 189 168 205
352
144 208 217 250 63 84 196 165 213 143 225 203
292
195 153 194 209 67 232 218 213 171 243 104 176
327
53 67 6 175 221 169 80 236 50 129 110 9
315
29 103 249 113 83 247 151 205 213 130 237 172
454
61 20 104 127 35 205 195 242 125 137 209 17
299
60 194 34 52 151 231 32 234 212 132 35 170
335
122 204 216 164 163 237 235 230 172 67 59 45
466
236 122 44 75 98 20 219 107 158 137 15 138
246
146 250 21 231 9 43 68 229 69 213 227 142
156
36 193 49 148 201 183 62 53 105 107 75 4
210
87 163 199 73 11 200 107 10 239 74 127 119
144
119 115 27 11 131 139 16 150 79 89 164 24
169
30 108 73 184 46 22 103 180 13 226 235 58
233
85 78 47 139 73 41 158 165 241 82 205 112
121
116 73 193 194 79 229 119 5 19 151 183 43
248
121 205 169 165 24 171 176 124 243 229 106 224
367
222 31 41 235 33 137 181 234 64 75 14 177
454
1 100 23 112 70 165 230 92 83 46 171 85
230
72 160 82 68 210 16 191 109 136 44 246 9
356
20 84 66 221 164 168 250 209 58 127 227 62
363
31 243 130 23 24 112 97 121 85 244 237 118
413
83 250 28 9 140 153 130 147 51 222 63 3
462
188 70 27 87 60 23 247 125 160 191 75 81
277
129 52 144 76 51 207 27 112 175 223 2 1
299
248 183 225 177 75 30 217 192 104 33 64 61
125
144 190 88 152 191 75 38 180 3 202 46 246
260
183 231 60 178 108 71 171 250 30 67 176 166
434
204 133 190 17 76 195 40 52 79 158 224 37
265
136 47 101 188 20 27 55 237 31 1 19 167
442
242 152 103 104 36 207 178 185 230 12 189 30
196
149 219 6 114 112 208 92 116 227 170 167 160
310
49 35 179 25 182 249 181 206 58 122 5 231
255
223 205 207 42 49 129 240 182 136 93 54 144
392
220 86 30 154 129 122 147 13 14 70 26 183
218
102 68 48 19 126 168 63 77 95 200 105 100
346
93 83 168 103 4 225 64 85 232 141 2 188
423
155 211 190 88 39 249 195 10 182 26 52 160
145
145 29 224 23 192 148 22 242 91 84 77 8
182
118 125 96 177 34 98 89 55 28 6 188 199
475
45 7 3 24 21 202 206 80 43 105 163 221
222
22 37 8 215 131 230 201 219 1 209 248 213
354
245 74 217 57 60 106 234 134 30 77 100 96
284
103 56 79 142 186 212 66 149 13 120 11 187
460
189 232 151 123 14 127 18 98 199 94 22 31
324
11 114 164 116 193 101 148 125 85 22 68 106
212
40 93 128 49 78 153 34 227 35 211 80 131
177
151 223 43 181 165 34 125 44 160 193 19 118
229
176 146 25 229 187 111 149 184 236 235 217 82
358
1 129 100 230 23 117 150 67 38 63 35 121
406
95 184 51 140 203 42 10 6 183 195 200 230
235
234 68 173 119 59 165 28 239 95 47 114 121
228
238 1 212 205 120 173 28 40 57 154 236 94
302
35 242 115 155 134 41 95 66 204 117 102 199
345
221 93 233 199 32 130 101 35 220 71 250 210
191
231 206 219 33 40 203 158 36 53 141 230 93
447
34 191 161 200 69 145 201 130 181 245 62 226
142
111 167 180 38 232 204 36 18 28 30 148 35
331
214 109 100 65 179 250 99 22 17 35 6 134
367
10 195 207 238 115 4 174 125 201 151 118 188
109
35 144 85 124 26 179 44 80 147 164 217 229
206
41 157 136 219 48 127 152 122 178 78 7 129
419
169 192 183 201 126 225 212 245 104 94 220 106
202
216 46 111 207 139 3 166 163 108 109 179 78
114
82 210 176 192 36 40 68 73 195 91 123 50
151
173 155 205 114 191 43 142 171 174 39 11 234
453
185 67 100 45 248 12 235 191 195 147 121 68
311
85 229 165 139 10 212 209 88 241 30 197 29
188
82 245 74 247 132 192 160 119 35 158 11 95
385
198 24 242 95 29 143 51 222 36 28 183 172
360
114 127 182 151 141 131 65 92 116 72 95 8
243
24 16 22 114 146 112 78 8 219 77 249 248
427
104 73 149 90 49 233 181 198 127 129 83 206
258
171 34 247 46 223 110 125 138 51 163 101 191
237
51 103 80 28 177 211 136 160 20 17 189 215
380
197 217 166 128 99 148 125 207 174 74 109 203
485
66 203 75 122 109 70 123 101 118 112 211 239
295
11 121 129 232 106 118 236 78 111 24 142 105
289
224 7 92 244 194 96 135 132 27 16 234 52
284
168 249 196 22 50 23 76 198 47 246 67 185
357
241 60 210 23 184 7 244 142 197 113 129 138
408
111 103 104 192 122 116 247 250 42 141 140 177
260
190 93 148 243 81 2 185 130 134 212 227 167
253
17 130 54 125 103 29 126 104 206 227 127 148
392
142 228 165 230 125 182 129 120 7 70 143 130
496
196 158 112 66 191 249 146 123 38 36 155 101
230
149 31 186 229 84 80 19 247 43 123 250 5
115
48 247 75 31 94 25 10 37 148 149 204 64
165
41 118 99 12 64 115 10 147 167 176 86 131
