100
3 3
2 1 2
1 1 1
2 1 2
5 5
2 2 2 2 2
2 1 1 1 2
2 1 2 1 2
2 1 1 1 2
2 2 2 2 2
10 10
2 2 2 2 2 2 1 2 2 2
2 2 2 2 2 2 2 2 2 2
2 2 2 2 2 2 2 2 2 2
2 2 2 2 1 2 2 2 2 2
2 2 2 2 2 2 2 2 2 2
2 2 2 2 2 2 2 2 2 2
2 2 2 2 2 2 2 2 2 2
2 2 2 2 2 2 2 2 2 2
2 2 2 2 2 2 2 2 2 2
2 2 2 2 2 2 2 2 2 2
5 2
2 2
2 1
2 2
2 2
2 2
1 2
1 1
10 10
1 2 2 2 2 1 1 2 2 1
2 2 1 2 2 1 1 2 1 2
1 2 1 1 1 2 1 1 1 1
1 1 1 2 1 1 1 2 1 1
1 2 1 2 2 1 2 1 2 2
1 1 1 1 2 2 2 2 1 2
1 2 1 2 1 1 2 2 2 2
2 2 1 2 2 1 2 1 2 1
2 1 1 1 2 2 1 1 2 1
2 2 2 1 1 2 2 1 1 1
6 3
2 2 2
2 2 2
2 2 2
2 2 1
2 2 2
2 2 2
6 3
1 2 2
1 2 1
2 2 2
2 1 1
1 1 2
2 1 2
10 4
1 2 2 1
1 2 1 2
1 2 2 1
2 2 2 1
2 1 2 2
2 1 1 1
2 2 2 2
2 2 1 1
1 2 1 2
2 1 2 1
6 1
2
1
1
2
2
1
2 6
1 1 1 1 1 1
1 1 1 1 1 1
2 1
2
1
10 7
2 2 2 1 2 1 1
2 2 1 2 2 1 2
2 1 2 2 2 2 1
1 2 1 1 1 2 1
1 2 2 1 1 1 1
1 2 2 2 1 2 2
2 1 2 2 2 2 2
2 2 2 2 2 1 2
1 1 1 2 1 1 2
2 2 2 2 1 2 2
1 1
2
10 10
1 1 1 1 1 1 1 1 1 1
2 1 1 1 2 2 2 2 2 2
2 1 1 1 2 2 2 2 2 2
1 1 1 1 1 1 1 1 1 1
2 1 1 1 2 2 2 2 2 2
2 1 1 1 2 2 2 2 2 2
2 1 1 1 2 2 2 2 2 2
1 1 1 1 1 1 1 1 1 1
2 1 1 1 2 2 2 2 2 2
1 1 1 1 1 1 1 1 1 1
5 2
2 1
2 2
2 2
2 2
2 2
9 5
1 2 2 1 2
2 1 2 2 1
1 2 2 1 2
1 2 2 2 1
1 2 2 2 1
2 2 2 2 1
2 2 2 2 2
1 2 1 2 1
2 2 2 2 1
10 10
1 1 1 1 1 1 1 1 1 1
1 1 1 1 1 1 1 1 1 1
1 1 1 1 1 1 1 1 1 1
1 1 1 1 1 1 1 1 1 1
2 2 1 1 1 1 2 2 1 1
2 2 1 1 1 1 2 2 1 1
1 1 1 1 1 1 1 1 1 1
2 2 1 1 1 1 2 2 1 1
2 2 1 1 1 1 2 2 1 1
2 2 1 1 1 1 2 2 1 1
2 1
1
1
4 2
2 2
1 1
1 1
2 2
10 5
2 2 2 2 2
2 2 2 2 2
2 2 2 2 2
2 2 2 2 2
2 2 2 2 2
2 2 2 2 2
2 2 2 2 1
2 2 2 2 2
2 2 2 2 2
2 2 2 2 2
10 7
2 2 2 2 2 2 2
2 2 2 2 2 2 2
2 2 2 2 2 2 2
2 2 2 2 2 2 1
2 2 2 2 2 2 2
2 2 2 2 2 2 2
2 2 2 2 2 2 2
2 2 2 2 2 2 2
2 2 2 2 2 2 2
2 2 2 2 2 2 2
10 10
1 1 1 1 1 1 1 1 1 1
1 1 1 1 1 1 1 1 1 1
1 1 1 1 1 1 2 1 1 1
1 1 1 1 1 1 1 1 1 1
1 1 1 1 1 1 1 1 1 1
1 1 1 1 1 1 1 1 1 1
1 1 1 1 1 1 1 1 1 1
1 1 1 1 1 1 1 1 1 1
1 2 1 1 1 1 1 1 1 1
1 1 1 1 1 1 1 1 1 1
6 3
1 1 1
2 2 2
1 1 1
2 2 2
1 1 1
1 1 1
9 2
2 1
1 2
2 2
2 2
2 2
2 2
2 2
2 2
2 2
5 10
2 2 2 2 2 2 1 2 2 2
2 2 2 2 2 2 2 2 2 2
2 2 2 2 2 2 2 2 2 2
2 2 2 2 2 2 2 2 2 2
2 2 2 2 2 2 2 2 2 2
7 10
2 1 2 1 2 2 1 2 2 2
2 1 2 1 2 2 2 2 1 2
2 2 1 2 1 2 2 2 2 1
2 1 2 2 1 2 2 2 1 1
2 2 2 2 2 2 2 2 2 2
2 1 1 2 1 2 2 2 2 2
2 2 1 2 1 2 1 2 2 2
9 10
2 2 1 2 2 2 1 2 1 1
1 2 1 1 2 2 1 2 2 1
2 2 2 2 1 2 2 2 1 2
2 2 1 1 1 2 2 2 1 2
1 1 2 1 2 1 2 1 2 1
1 1 2 1 2 2 1 2 2 2
1 2 1 2 2 1 2 2 2 2
1 2 1 2 1 1 2 1 1 1
1 2 2 1 2 2 1 1 2 1
10 10
2 2 2 2 2 2 2 2 2 2
2 2 2 2 2 2 2 2 2 2
2 2 2 2 2 2 2 2 2 2
2 2 2 2 2 2 2 2 2 2
2 2 2 2 2 2 2 2 2 2
2 2 2 2 2 2 2 2 2 2
2 2 2 2 2 2 2 2 2 2
2 1 2 2 2 2 2 2 2 2
2 2 2 2 2 2 2 2 2 2
2 2 2 2 2 2 2 2 2 2
2 4
2 2 2 2
2 2 2 1
10 10
1 1 1 1 1 1 1 1 1 1
1 1 1 1 1 1 1 1 1 1
1 1 1 1 1 1 1 1 1 1
1 1 1 1 1 1 1 1 1 1
1 1 1 1 1 1 1 1 1 1
1 1 1 1 1 1 1 1 1 1
1 1 1 1 1 1 1 1 1 1
1 1 1 1 1 1 1 1 1 1
1 1 1 1 1 2 1 1 1 1
1 1 1 1 1 1 1 1 1 1
5 10
1 2 2 2 1 1 2 1 1 1
2 2 1 2 2 1 2 2 2 2
1 2 1 2 1 2 1 2 2 2
2 1 2 1 1 1 2 2 2 1
1 1 2 1 1 2 2 1 1 2
2 6
2 1 2 2 1 1
1 2 2 2 2 2
4 2
2 2
2 1
2 2
2 2
4 10
1 1 1 1 2 2 1 2 1 1
1 1 2 2 1 2 2 2 1 2
2 2 1 2 2 2 1 1 2 2
2 2 1 1 2 1 2 2 1 1
6 9
1 2 2 1 2 1 2 2 1
2 2 1 1 2 1 1 1 1
1 1 1 1 1 1 1 2 2
1 2 1 1 1 1 1 1 1
1 2 2 2 1 1 2 1 2
2 2 1 2 2 1 2 2 2
9 6
1 1 1 1 1 1
1 1 1 1 1 1
1 1 1 1 1 1
1 1 1 1 1 1
1 1 1 1 1 1
1 1 1 1 1 1
1 2 1 2 1 2
1 1 1 1 1 1
1 1 1 1 1 1
1 2
2 1
10 6
2 2 2 1 1 1
1 2 1 2 2 2
1 1 2 1 1 1
1 2 2 1 1 2
1 1 1 2 1 1
1 2 2 1 1 1
1 2 2 2 2 2
1 2 2 2 2 1
1 1 2 1 2 2
2 2 1 2 1 1
4 10
2 2 2 2 2 1 2 2 2 2
2 2 2 2 2 2 2 1 2 2
2 2 2 2 2 2 2 2 2 2
2 2 2 2 2 2 2 2 2 1
10 4
2 1 2 1
1 1 2 1
1 1 1 2
1 2 1 1
1 1 2 1
1 1 2 2
1 1 2 1
2 1 2 1
1 1 2 1
2 1 2 1
10 4
1 1 1 1
1 1 1 1
2 1 1 2
2 2 1 2
1 1 1 1
1 1 1 1
1 1 1 1
2 2 1 2
1 1 1 1
2 2 1 2
10 10
2 2 2 2 2 2 2 2 2 2
2 2 2 2 2 2 2 2 2 2
2 2 2 2 2 1 2 2 2 2
2 2 2 2 2 2 2 2 2 2
2 2 2 2 2 2 2 2 2 2
1 2 2 2 2 2 2 2 2 2
2 2 2 2 2 2 2 2 2 2
2 2 2 2 2 2 2 2 2 2
2 2 2 2 2 2 2 2 2 2
2 2 2 2 2 2 2 2 2 2
10 4
1 1 1 1
2 1 2 2
1 1 1 1
2 1 2 2
1 1 1 1
2 1 2 2
2 1 2 2
2 1 2 2
1 1 1 1
1 1 1 1
4 2
2 2
2 1
1 1
2 2
6 9
2 2 2 2 2 2 2 2 2
1 2 2 2 2 1 1 2 2
2 2 2 2 2 2 2 2 1
2 2 2 2 2 2 2 1 2
2 2 1 2 2 2 2 2 2
2 2 2 2 2 2 2 2 1
9 5
1 1 1 1 1
2 1 1 1 2
2 2 1 1 2
2 2 1 1 2
1 1 1 1 1
1 1 1 1 1
1 1 1 1 1
1 1 1 1 1
1 1 1 1 1
4 10
2 2 2 2 1 2 2 2 2 2
2 2 2 2 2 2 2 2 2 2
2 2 2 2 2 2 2 2 2 2
2 2 2 2 2 2 2 2 2 2
2 6
1 2 1 2 1 2
1 2 2 2 1 2
10 4
1 2 2 1
2 2 2 1
2 2 2 2
2 1 1 2
1 2 2 2
2 2 2 1
2 1 2 1
2 2 2 1
1 2 1 2
2 2 1 1
9 6
1 2 1 2 2 1
1 2 2 1 1 1
2 1 1 1 2 2
1 1 2 2 1 1
1 2 1 1 2 1
1 1 1 2 1 1
2 2 2 2 1 1
1 1 1 1 2 1
1 1 2 1 1 2
2 1
1
2
10 9
1 1 2 1 1 2 1 1 1
2 1 2 2 1 1 2 2 1
2 1 1 1 2 1 1 1 2
1 2 2 2 1 1 2 2 2
1 2 1 1 1 2 2 1 1
1 2 2 1 2 1 1 2 1
2 1 1 2 2 1 2 2 2
2 1 1 1 1 1 2 2 1
2 1 1 1 2 2 2 1 1
2 2 2 2 1 1 1 2 2
10 7
1 1 1 1 1 1 1
2 2 1 1 1 2 2
2 2 1 1 1 2 2
1 1 1 1 1 1 1
1 1 1 1 1 1 1
1 1 1 1 1 1 1
2 2 1 1 1 2 2
1 1 1 1 1 1 1
2 2 1 1 1 2 2
2 2 1 1 1 2 2
5 10
1 1 1 1 1 1 1 1 1 1
1 2 1 2 2 1 2 1 2 1
1 2 1 2 2 1 2 1 2 1
1 2 1 2 2 1 2 1 2 1
1 2 1 2 2 1 2 1 2 1
6 9
2 2 2 2 2 2 2 2 2
2 2 2 2 2 2 2 2 2
2 2 2 2 2 2 2 2 2
2 1 2 2 2 2 2 2 2
2 2 2 2 2 2 2 2 2
2 2 2 2 2 2 2 2 2
10 10
2 2 2 2 2 1 2 2 2 2
2 2 2 2 2 2 2 2 2 2
2 2 1 2 2 2 2 2 2 2
2 1 2 2 2 2 2 2 2 2
1 1 2 2 2 2 2 2 2 2
2 2 2 2 2 2 2 2 2 2
2 2 2 2 1 2 2 2 2 2
2 2 2 2 1 1 2 2 2 2
2 2 2 2 2 2 2 2 2 2
2 2 2 2 2 2 2 2 2 1
6 9
1 1 1 1 1 1 1 1 1
2 2 1 2 2 1 1 2 2
1 1 1 1 1 1 1 1 1
2 2 1 2 2 1 1 2 2
2 2 1 2 2 1 1 2 2
2 2 1 2 2 1 1 2 2
1 6
2 2 1 2 2 2
4 10
1 1 1 1 1 1 1 1 1 1
2 2 2 2 1 2 2 1 1 1
1 1 1 1 1 1 1 1 1 1
1 1 1 1 1 1 1 1 1 1
10 5
2 1 1 2 2
2 1 1 2 2
1 1 1 1 1
1 1 1 1 1
1 1 1 1 1
2 1 1 2 2
2 1 1 2 2
2 1 1 2 2
2 1 1 2 2
1 1 1 1 1
1 6
1 1 1 2 2 1
9 6
2 2 2 2 2 2
2 2 2 2 2 2
2 2 2 2 2 2
2 2 2 2 2 2
2 2 1 2 2 2
2 2 2 2 2 2
2 2 2 2 2 2
2 2 2 2 2 2
2 2 2 2 2 2
6 10
2 2 2 2 2 2 1 1 2 1
1 2 2 1 2 2 2 2 1 2
2 2 2 2 2 1 2 1 2 1
2 2 2 2 2 1 2 2 2 1
2 2 1 1 1 1 2 2 2 2
1 2 1 2 2 2 2 1 2 2
10 7
2 2 2 2 1 2 1
1 1 2 2 2 1 1
2 1 1 1 2 1 1
2 1 1 1 1 1 1
2 2 1 1 2 1 2
1 2 2 2 1 1 2
1 1 1 2 1 2 1
1 2 2 1 2 2 1
1 1 1 2 2 2 2
1 1 2 2 1 2 2
10 10
2 1 1 2 1 1 2 2 1 2
1 2 2 1 1 1 1 1 1 2
2 1 2 1 2 2 2 2 1 1
2 1 1 1 1 2 2 1 2 1
2 2 2 1 2 1 2 2 2 1
2 2 1 2 1 1 2 1 1 2
2 2 2 1 2 2 2 1 1 2
1 1 2 2 1 2 2 1 2 2
1 1 2 1 1 2 1 1 2 1
2 1 1 1 1 1 2 1 2 2
4 10
1 1 1 1 1 1 1 1 1 1
2 2 1 1 2 1 1 2 2 1
2 2 1 1 2 1 1 2 2 1
1 1 1 1 1 1 1 1 1 1
6 10
2 2 2 2 2 2 2 1 2 2
2 2 2 2 2 2 2 2 2 2
2 2 2 2 2 2 2 2 2 2
2 2 2 2 2 2 2 2 2 2
2 2 2 2 2 2 2 2 2 2
2 2 2 2 2 2 2 2 2 2
2 4
1 1 1 1
1 1 1 1
1 2
2 2
7 10
1 1 1 1 1 1 1 1 1 1
1 2 1 2 1 1 2 2 2 1
1 2 1 2 1 1 2 2 2 1
1 1 1 1 1 1 1 1 1 1
1 1 1 1 1 1 1 1 1 1
1 1 1 1 1 1 1 1 1 1
1 1 1 1 1 1 1 1 1 1
9 2
1 2
1 1
1 1
1 1
1 1
1 2
1 1
1 2
1 2
4 10
2 1 2 2 2 1 2 1 1 1
1 1 1 1 1 1 1 1 1 1
2 1 2 2 2 1 2 1 1 1
1 1 2 2 2 1 2 1 1 1
7 10
2 2 1 1 1 2 2 1 2 2
1 2 1 2 2 2 2 1 1 1
1 2 2 2 1 2 1 1 2 2
2 2 2 1 2 2 2 1 2 1
1 1 1 2 2 2 2 2 2 1
2 2 1 2 1 1 1 2 1 1
1 1 2 1 1 1 2 2 2 2
6 10
1 1 1 2 2 2 1 2 1 2
1 1 1 1 1 1 1 1 1 1
1 1 1 1 1 1 1 1 1 1
1 1 1 2 2 2 1 2 1 2
1 1 1 1 1 1 1 1 1 1
1 1 1 2 2 2 1 2 1 2
10 10
1 2 2 1 2 1 2 1 2 1
1 2 2 1 2 1 1 1 2 1
1 1 1 1 1 1 1 1 1 1
1 2 2 1 2 1 2 1 2 1
1 2 2 1 2 1 2 1 2 1
1 1 1 1 1 1 1 1 1 1
1 2 2 1 2 1 2 1 2 1
1 1 1 1 1 1 1 1 1 1
1 2 2 1 2 1 2 1 2 1
1 1 1 1 1 1 1 1 1 1
5 10
1 1 1 2 2 2 1 2 1 1
2 2 1 2 2 1 2 2 2 1
1 1 2 1 1 1 1 1 1 1
1 2 1 1 1 1 1 2 2 2
2 2 1 2 2 1 2 1 2 1
7 10
2 2 2 2 2 2 2 2 2 2
2 2 2 2 2 2 2 2 2 2
2 2 2 2 2 2 2 2 2 2
2 2 2 2 2 2 2 2 2 2
2 2 2 2 2 2 2 2 2 2
2 2 2 2 2 2 2 2 2 2
2 2 2 2 2 2 2 2 1 2
4 2
2 2
2 2
2 1
2 1
5 2
1 1
1 1
1 1
1 1
1 1
6 1
2
2
1
1
2
2
3 6
2 2 2 2 2 2
2 2 2 2 2 2
1 2 1 2 2 1
10 9
2 2 2 2 2 2 2 2 2
2 2 2 2 2 1 2 2 2
2 2 2 2 2 2 2 2 2
2 2 2 2 2 2 2 2 2
2 2 2 2 2 2 2 2 2
2 2 2 2 2 2 2 2 2
2 2 2 2 2 2 2 2 2
2 2 2 2 2 2 2 2 2
2 2 2 2 2 2 2 2 2
2 2 2 2 2 2 2 2 2
10 10
1 1 1 1 1 1 1 1 1 1
1 1 1 1 1 1 1 1 1 2
1 1 1 1 1 1 1 1 1 1
1 1 1 1 1 1 1 1 1 1
1 1 1 1 1 1 1 1 1 1
1 1 1 1 1 1 1 1 1 1
1 1 1 1 1 1 1 1 1 1
1 1 1 1 1 1 1 1 1 1
1 1 1 1 1 1 1 1 1 1
1 1 1 1 1 1 1 1 1 1
9 5
2 2 1 1 2
1 1 1 1 1
2 2 1 1 2
1 1 1 1 1
1 1 1 1 1
1 1 1 1 1
2 2 1 1 2
2 2 1 1 2
2 2 1 1 2
10 5
2 1 2 2 2
1 1 1 2 1
2 2 1 1 2
2 2 1 2 2
1 2 1 1 2
2 2 2 2 1
2 2 2 2 2
2 2 1 2 2
2 2 2 2 2
2 1 1 1 2
4 10
1 1 1 1 2 1 2 1 1 2
1 1 2 2 1 2 2 1 1 1
2 2 1 2 2 1 1 2 2 1
1 2 2 2 1 1 2 1 1 2
10 10
1 1 1 1 1 1 1 1 1 1
1 1 1 1 1 1 1 1 1 1
1 1 1 1 1 1 1 1 1 2
1 1 1 1 1 1 1 1 1 1
1 1 1 1 1 1 1 1 1 1
1 1 1 1 1 1 1 1 1 1
1 1 1 1 1 1 1 1 1 1
1 1 1 1 1 1 1 1 1 1
1 1 1 1 1 1 1 1 1 1
1 2 1 1 1 1 1 1 1 1
9 2
2 2
2 2
2 2
2 2
2 2
2 2
2 1
2 2
2 2
1 1
1
10 5
2 2 1 2 1
1 1 2 1 1
1 2 2 2 2
1 2 1 2 2
2 1 1 1 2
1 2 1 2 1
2 1 1 2 1
2 2 2 2 2
1 1 2 1 2
2 2 2 2 2
10 10
2 2 2 2 2 2 2 2 2 2
2 2 2 2 2 2 2 2 2 2
2 2 2 2 2 2 2 2 2 2
2 2 2 2 2 2 2 1 2 2
2 2 2 2 2 2 2 2 2 2
2 2 2 2 2 2 2 2 2 2
2 2 2 2 2 2 2 2 2 2
2 2 2 2 2 2 2 2 2 2
2 2 2 2 2 2 2 2 2 2
2 2 2 2 2 2 2 2 2 2
5 9
1 1 1 1 2 1 2 2 2
2 2 1 1 2 2 2 2 1
2 1 2 1 2 2 2 1 1
2 2 1 2 2 2 2 2 1
1 1 2 1 2 2 2 1 1
6 2
2 2
1 2
2 1
1 1
1 1
2 1
10 10
1 1 1 1 1 1 1 1 1 1
1 1 1 1 1 1 1 1 1 1
1 1 1 1 1 1 1 1 1 1
1 1 1 1 1 1 1 1 1 1
1 1 1 1 1 1 1 1 1 1
1 1 1 1 1 1 1 1 1 1
1 1 1 1 1 1 1 1 1 1
1 1 1 1 1 1 1 1 1 1
1 1 1 1 1 1 1 1 1 1
1 1 1 1 1 1 1 1 1 1
2 9
2 2 2 2 2 1 2 1 2
1 1 1 1 1 1 2 2 2
10 9
1 1 1 1 1 1 1 1 1
2 1 1 2 2 1 1 2 1
2 1 1 2 2 1 1 2 1
2 1 1 2 2 1 1 2 1
1 1 1 1 1 1 1 1 1
2 1 1 2 2 1 1 2 1
1 1 1 1 1 1 1 1 1
1 1 1 1 1 1 1 1 1
1 1 1 1 1 1 1 1 1
1 1 1 1 1 1 1 1 1
2 4
2 1 2 1
1 2 1 2
2 4
2 1 2 2
2 2 1 1
9 6
1 1 1 1 1 2
1 1 1 2 2 1
2 2 1 2 2 2
1 1 2 2 2 2
1 2 2 2 2 1
1 2 1 2 2 2
2 2 2 1 1 2
2 1 1 2 2 1
1 1 1 2 1 1
