100
104 965
1 6
121 484
346 646
1 302
483 485
134 882
8 10
483 742
7 109
7 9
76 612
120 484
253 991
38 591
3 981
121 485
3 6
274 808
59 636
8 584
9 9
1 221
386 644
632 796
454 949
1 122
212 885
9 65
224 424
4 9
483 584
215 856
349 790
1 1
117 157
614 730
249 977
1 101
122 1000
488 795
120 221
1 2
3 65
313 405
10 120
644 869
1 109
65 485
4 584
849 855
303 584
1 484
4 65
24 989
65 122
1 1000
3 5
120 584
1 742
299 347
247 343
484 485
8 302
1 10
486 718
446 862
4 104
1 584
1 104
3 104
94 728
9 485
8 109
9 302
9 221
80 763
1 4
121 121
3 109
237 301
752 908
122 483
100 1000
465 871
1 65
9 109
7 10
3 9
364 831
3 302
180 372
119 525
21 485
502 524
120 485
495 581
65 221
7 221
8 485
