100
5
0.9702
0.5
0.3993
0.4
0.489
5
0.97527
0.23363
0.11075
0.225
0.1
100
0.523
0.9923
0.40182
0.4043
0.28292
0.91088
0.88924
0.13675
0.46967
0.23363
0.22
0.27621
0.24794
0.2841
0.44
0.90119
0.6
0.177
0.2217
0.98775
0.3613
0.17636
0.79247
0.325
0.95355
0.47546
0.05942
0.075
0.23366
0.75279
0.63886
0.99491
0.00288
0.99309
0.67426
0.30865
0.88982
0.99993
0.05819
0.92319
0.75033
0.70358
0.76817
0.69273
0.4
0.29645
0.96434
0.67627
0.99177
0.97407
0.25345
0.26655
0.25926
0.45654
0.69455
0.06846
0.77778
0.75
0.66
0.11075
0.225
0.92307
0.90124
0.908
0.0988
0.33293
0.9
0.04
0.77882
0.32925
0.30544
0.22543
0.76681
0.29641
0.07722
0.98673
0.5909
0.97435
0.25961
0.67902
0.8642
0.21475
0.75205
0.76636
0.02472
0.8
0.99175
0.75309
0.77641
0.69172
0.23457
0.2
0.67536
0.775
0.6206
0.07365
0.29908
0.66941
0.35
0.70371
56
0.30544
0.8277
0.025
0.96326
0.24794
0.417
0.75309
0.92502
0.28416
0.75205
0.86371
0.2
0.22358
0.62414
0.70341
0.8481
0.5293
0.7
0.67811
0.84
0.30468
0.11101
0.11112
0.00824
0.05886
0.04172
0.97161
0.675
0.74202
0.22
0.02472
0.99479
0.26
0.5
0.4
0.50004
0.9
0.22313
0.74119
0.77778
0.03673
0.85631
0.07028
0.975
0.89301
0.67074
0.06011
0.02592
0.23182
0.07902
0.3
0.076
0.67038
0.92593
0.97527
0.2597
5
0.29908
0.749
0.67074
0.29641
0.25099
5
0.925
0.3
0.9
0.775
0.1
5
0.03876
0.506
0.842
0.82889
0.78252
62
0.33059
0.71751
0.22392
0.89027
0.025
0.3
0.77
0.4
0.75205
0.10197
0.2203
0.92593
0.98775
0.07475
0.435
0.26501
0.74383
0.70371
0.25103
0.86834
0.70099
0.97527
0.10991
0.2588
0.88935
0.716
0.51949
0.86444
0.76848
0.09734
0.30499
0.34105
0.18
0.10289
0.33058
0.19
0.78479
0.93481
0.08515
0.67074
0.91634
0.96343
0.0988
0.30865
0.32236
0.63
0.675
0.97531
0.1
0.05886
0.8353
0.96416
0.25
0.22268
0.6809
0.74454
0.30544
0.25616
0.23186
0.66941
0.25926
0.925
5
0.698
0.27
0.122
0.13
0.8405
5
0.18303
0.86814
0.60944
0.56048
0.80349
100
0.6146
0.23151
0.77778
0.58931
0.8277
0.32925
0.1147
0.96326
0.29
0.762
0.02592
0.7545
0.76817
0.67074
0.7
0.07692
0.24794
0.08064
0.24829
0.00824
0.69548
0.8099
0.56574
0.69517
0.02564
0.54
0.19732
0.64566
0.16899
0.21636
0.99909
0.77054
0.11112
0.227
0.77641
0.90119
0.42
0.29954
0.74454
0.04616
0.25926
0.75033
0.06571
0.9974
0.26318
0.98873
0.531
0.63707
0.98775
0.1
0.30544
0.70371
0.30042
0.86
0.08515
0.325
0.92883
0.76848
0.92593
0.25099
0.26553
0.5667
0.23182
0.23457
0.96678
0.67801
0.369
0.3
0.431
0.25886
0.32469
0.62517
0.69152
0.71
0.89851
0.89432
0.00658
0.29641
0.67617
0.54453
0.169
0.41772
0.0988
0.23417
0.2588
0.95274
0.8367
0.29908
0.138
0.67811
0.25616
0.775
0.8
0.925
0.7935
0.89301
0.88757
0.014
0.55174
0.96183
100
0.25616
0.1
0.27052
0.17386
0.70032
0.07692
0.55801
0.68052
0.675
0.325
0.12661
0.24794
0.2588
0.88924
0.91484
0.29908
0.50275
0.18955
0.82146
0.11059
0.40273
0.22358
0.30248
0.3
0.95817
0.66941
0.9
0.75033
0.08365
0.50839
0.97407
0.16511
0.99175
0.97435
0.55714
0.96326
0.025
0.96665
0.52311
0.23132
0.08693
0.11538
0.91634
0.75
0.33115
0.32925
0.90119
0.44899
0.02838
0.47481
0.72895
0.03673
0.075
0.63782
0.42757
0.77641
0.975
0.11075
0.78614
0.70358
0.225
0.925
0.83115
0.67074
0.775
0.76817
0.24738
0.61198
0.98667
0.18534
0.08515
0.23363
0.70091
0.25099
0.74119
0.00824
0.30544
0.92307
0.33058
0.35094
0.749
0.93358
0.24966
0.7
0.29805
0.23151
0.77941
0.97161
0.66152
0.02592
0.76636
0.55903
0.23182
0.25
0.99711
0.29641
0.77066
0.75205
0.74454
0.25545
100
0.25309
0.22
0.7535
0.89301
0.92672
0.92307
0.23061
0.6019
0.91484
0.69
0.2757
0.701
0.03673
0.61
0.32115
0.96326
0.90119
0.5264
0.11075
0.23151
0.76681
0.02238
0.08631
0.23051
0.32925
0.7
0.38907
0.4318
0.67074
0.97161
0.521
0.70197
0.7545
0.25926
0.24707
0.30544
0.00288
0.28334
0.18519
0.7566
0.59154
0.13433
0.2607
0.07692
0.74119
0.46499
0.90124
0.70358
0.50043
0.075
0.35
0.96708
0.88011
0.77778
0.24966
0.748
0.13652
0.23363
0.764
0.0988
0.67902
0.76817
0.70201
0.88924
0.89209
0.53056
0.35005
0.91
0.675
0.482
0.69548
0.70091
0.925
0.92712
0.75
0.76945
0.45
0.114
0.023
0.10746
0.97407
0.4
0.75309
0.9
0.11112
0.92593
0.29641
0.6
0.3
0.74943
0.33058
0.99154
0.23457
0.23152
0.25588
0.29
0.3704
0.204
0.548
0.08365
5
0.025
0.225
0.97527
0.25616
0.1
5
0.8
0.59
0.5
0.582
0.4019
5
0.25694
0.01976
0.49053
0.32608
0.90913
5
0.1
0.1235
0.9068
0.9
0.36
100
0.97407
0.29095
0.88322
0.74486
0.02472
0.75033
0.30011
0.3237
0.37366
0.63699
0.26075
0.035
0.11112
0.10014
0.64713
0.8
0.98775
0.5
0.70358
0.23151
0.90083
0.775
0.3
0.67902
0.675
0.3685
0.30489
0.5078
0.44
0.16822
0.23929
0.11075
0.22358
0.15059
0.67495
0.09715
0.35237
0.67074
0.7819
0.02564
0.1
0.23061
0.70371
0.8551
0.23152
0.76817
0.63536
0.30544
0.442
0.02096
0.03673
0.55
0.08365
0.3704
0.74485
0.98903
0.97109
0.07109
0.5608
0.91299
0.86086
0.4875
0.28765
0.74916
0.30865
0.07692
0.294
0.94992
0.30252
0.02592
0.74476
0.412
0.966
0.7
0.25099
0.84115
0.01224
0.615
0.99175
0.11021
0.23457
0.76848
0.70404
0.91484
0.74876
0.00824
0.02152
0.49017
0.34656
0.90124
0.33058
0.62581
0.75035
0.90093
0.25926
0.14
0.9471
0.77778
0.08515
0.00288
100
0.92307
0.69456
0.37
0.1202
0.631
0.775
0.30255
0.40354
0.66941
0.00824
0.38045
0.89057
0.382
0.91484
0.92593
0.97435
0.70086
0.274
0.97407
0.7
0.77412
0.402
0.5
0.67871
0.90124
0.70371
0.88894
0.33595
0.22
0.02592
0.649
0.24801
0.96326
0.75
0.23457
0.90119
0.88503
0.74383
0.03673
0.71399
0.1235
0.64884
0.24794
0.93561
0.0125
0.4311
0.22634
0.34076
0.25213
0.7728
0.39546
0.91771
0.08365
0.07056
0.09254
0.783
0.01735
0.76
0.42164
0.97354
0.43981
0.2588
0.74171
0.02472
0.975
0.25926
0.25
0.915
0.99711
0.76549
0.75205
0.96342
0.32925
0.4
0.15286
0.09425
0.11112
0.97257
0.63065
0.52976
0.7545
0.97161
0.76636
0.46731
0.24966
0.69455
0.75309
0.69426
0.33058
0.91465
0.67074
0.1
0.8624
0.9
0.32511
0.385
0.27
0.53053
0.75033
0.65866
5
0.2881
0.08
0.183
0.9408
0.9
5
0.33589
0.41791
0.06
0.63
0.9
100
0.119
0.8488
0.452
0.82
0.93
0.74913
0.69538
0.562
0.666
0.497
0.5806
0.3704
0.843
0.912
0.32938
0.52
0.92593
0.1
0.482
0.22634
0.76
0.97531
0.291
0.7924
0.25652
0.06
0.0097
0.9
0.75309
0.812
0.43
0.742
0.3356
0.992
0.265
0.1235
0.2576
0.07
0.90124
0.0584
0.70371
0.29727
0.2776
0.11112
0.376
0.8
0.91
0.79
0.6006
0.9176
0.7249
0.5332
0.49
0.4
0.29676
0.7275
0.6469
0.89
0.6
0.7
0.85
0.64
0.92491
0.25012
0.75
0.6921
0.2884
0.656
0.3181
0.2
0.557
0.2871
0.9428
0.5
0.441
0.404
0.092
0.725
0.3
0.25
0.5399
0.439
0.741
0.3924
0.3033
0.71
0.92278
0.4059
0.7114
0.0446
0.743
0.172
0.67811
0.682
0.68
0.24
0.7934
0.878
0.23
0.25896
2
0.1
0.9
9
0.6
0.1
0.8
0.2
0.9
0.7
0.5
0.4
0.3
5
0.775
0.925
0.075
0.88924
0.67074
5
0.9
0.675
0.1
0.7
0.225
5
0.06796
0.97109
0.33268
0.09524
0.28562
2
0.00009
0.00001
5
0.3
0.0577
0.00234
0.155
0.19444
57
0.70358
0.92593
0.2588
0.53
0.75219
0.7
0.03673
0.729
0.40883
0.25926
0.99696
0.75205
0.74486
0.749
0.22358
0.1
0.8368
0.68774
0.32419
0.5984
0.22634
0.925
0.961
0.775
0.67074
0.00824
0.09012
0.3704
0.91484
0.74212
0.975
0.97161
0.0073
0.07692
0.025
0.10428
0.39354
0.8338
0.47962
0.97407
0.96973
0.9882
0.77778
0.59
0.43638
0.3
0.60031
0.98903
0.8023
0.85
0.76184
0.8143
0.9
0.33916
0.70091
0.92461
0.29908
100
0.96434
0.9671
0.1
0.114
0.65
0.1972
0.5606
0.525
0.13
0.75309
0.3704
0.2
0.94
0.334
0.9
0.29
0.25926
0.67079
0.476
0.70371
0.811
0.98
0.24
0.95
0.73
0.9054
0.30591
0.45
0.3694
0.177
0.77778
0.568
0.29941
0.22238
0.4406
0.683
0.322
0.67
0.252
0.517
0.1519
0.24829
0.02
0.962
0.82
0.11112
0.9456
0.5375
0.938
0.176
0.69975
0.4351
0.3
0.5349
0.53
0.5137
0.472
0.175
0.9611
0.968
0.7491
0.2378
0.6
0.1235
0.92
0.152
0.847
0.67902
0.604
0.4362
0.68
0.0841
0.3481
0.1543
0.59
0.8165
0.7
0.37
0.504
0.824
0.10289
0.6083
0.7819
0.268
0.5312
0.49
0.5
0.6109
0.656
0.8
0.4773
0.402
0.2881
0.148
0.4
0.63
0.19
0.55
0.8726
0.061
100
0.72217
0.91634
0.76333
0.76848
0.00288
0.98677
0.53256
0.97551
0.325
0.77641
0.15248
0.82624
0.76636
0.28839
0.97527
0.7
0.24272
0.02472
0.96389
0.02256
0.88924
0.03673
0.675
0.67716
0.61432
0.33058
0.97161
0.98663
0.76817
0.08365
0.08515
0.06765
0.27242
0.9
0.02592
0.56708
0.53548
0.25545
0.42695
0.24966
0.20586
0.92307
0.55293
0.66941
0.02838
0.75
0.74454
0.3
0.075
0.39089
0.70091
0.25616
0.32925
0.30544
0.97407
0.91484
0.76029
0.74119
0.22358
0.23363
0.96326
0.90119
0.70358
0.58426
0.24794
0.65887
0.57037
0.00824
0.025
0.31866
0.29641
0.07692
0.62669
0.59897
0.67074
0.35949
0.749
0.25
0.11075
0.68226
0.33449
0.58928
0.40858
0.98775
0.22412
0.23151
0.925
0.83386
0.23182
0.40921
0.33022
0.74383
0.975
0.06347
0.69455
0.1
0.775
0.0988
0.225
0.02919
5
0.19732
0.22826
0.86099
0.94167
0.39682
58
0.02564
0.88
0.92593
0.07329
0.382
0.46573
0.75218
0.15689
0.30865
0.3288
0.33029
0.7545
0.3704
0.12
0.22672
0.66804
0.675
0.98826
0.7819
0.08515
0.748
0.17
0.91496
0.10715
0.02592
0.61357
0.24794
0.33058
0.75
0.70371
0.29908
0.14763
0.89615
0.24453
0.02472
0.36
0.77778
0.75033
0.83678
0.775
0.25545
0.3226
0.2
0.55
0.11112
0.25926
0.749
0.74119
0.9
0.225
0.22942
0.00824
0.71342
0.07692
0.99175
0.87
0.63
0.31605
64
0.6507
0.17334
0.02592
0.67074
0.88924
0.40853
0.25794
0.03673
0.77778
0.33058
0.17313
0.88217
0.10289
0.336
0.76823
0.08515
0.05412
0.675
0.67079
0.23151
0.25545
0.025
0.92227
0.075
0.7
0.91668
0.07016
0.70091
0.24966
0.68298
0.23457
0.75033
0.16784
0.99711
0.9288
0.6
0.3859
0.92
0.22634
0.23091
0.30288
0.252
0.0988
0.75
0.51
0.19515
0.2
0.44148
0.211
0.23335
0.1235
0.43023
0.42693
0.25103
0.3
0.11112
0.8642
0.25926
0.00824
0.01224
0.20381
0.86412
0.02838
0.7512
5
0.925
0.225
0.7
0.675
0.25
5
0.7
0.24966
0.00288
0.97435
0.97407
100
0.67079
0.15323
0.42927
0.02564
0.70269
0.95345
0.79972
0.88
0.32925
0.11112
0.8002
0.30042
0.48
0.95761
0.44931
0.75033
0.02838
0.66985
0.83844
0.76636
0.11096
0.9
0.29908
0.69548
0.66941
0.2588
0.32389
0.01946
0.69311
0.89851
0.775
0.16584
0.64
0.97531
0.96326
0.90033
0.31
0.74913
0.33232
0.77778
0.62121
0.02592
0.97763
0.01224
0.8612
0.69426
0.74995
0.025
0.74454
0.69455
0.74171
0.25926
0.92319
0.67048
0.97161
0.25545
0.11075
0.23457
0.67074
0.82088
0.8642
0.54
0.78847
0.02915
0.29641
0.97757
0.24966
0.04
0.22
0.06395
0.18
0.09116
0.25002
0.3475
0.25616
0.379
0.23182
0.25
0.58
0.975
0.42171
0.961
0.23356
0.57345
0.67522
0.99711
0.99175
0.922
0.08515
0.5004
0.52969
0.92307
0.78
0.92593
0.7614
0.23447
0.56
0.4
0.5
0.37463
5
0.08365
0.22358
0.975
0.97407
0.99711
5
0.075
0.33058
0.9
0.97527
0.00824
100
0.76842
0.97161
0.775
0.0988
0.325
0.33884
0.76636
0.00824
0.90169
0.76848
0.45549
0.225
0.93851
0.56133
0.97527
0.65669
0.70358
0.25545
0.97407
0.08365
0.75657
0.90119
0.20194
0.38733
0.24794
0.91634
0.54074
0.32918
0.35936
0.66952
0.20278
0.29641
0.02472
0.78732
0.33156
0.97435
0.96326
0.23363
0.05366
0.91484
0.749
0.03673
0.75
0.00288
0.33577
0.22358
0.23993
0.925
0.08988
0.60275
0.025
0.76817
0.99175
0.25
0.975
0.9
0.33058
0.96959
0.25668
0.98775
0.74383
0.14696
0.3
0.41709
0.63522
0.99711
0.23182
0.75033
0.26135
0.74454
0.92307
0.29908
0.25099
0.49244
0.42778
0.23151
0.08515
0.50857
0.89921
0.02838
0.82473
0.24966
0.99851
0.23591
0.1
0.21884
0.78587
0.75218
0.2588
0.32925
0.02592
0.675
0.70091
0.075
0.7
0.26446
0.88924
0.30544
0.75087
0.25616
63
0.10289
0.67038
0.925
0.02344
0.1235
0.4
0.75
0.92593
0.25099
0.67074
0.22604
0.95
0.22943
0.24966
0.76817
0.30042
0.72895
0.90119
0.2154
0.04355
0.13
0.91634
0.2257
0.4348
0.22258
0.8603
0.25103
0.1631
0.25678
0.89027
0.7819
0.1638
0.30824
0.30743
0.89851
0.22361
0.82928
0.715
0.99711
0.70371
0.53675
0.69455
0.76136
0.31741
0.58245
0.00824
0.25652
0.23151
0.7
0.47525
0.24794
0.99009
0.15
0.70358
0.631
0.0576
0.325
0.27647
0.9
0.34595
0.33058
0.97435
0.66941
5
0.975
0.23363
0.75
0.3
0.075
65
0.10289
0.03673
0.92307
0.88905
0.075
0.97161
0.26063
0.29641
0.75205
0.67811
0.29767
0.8368
0.08843
0.64925
0.25545
0.225
0.30865
0.48
0.0988
0.21
0.32925
0.62618
0.9233
0.28
0.10278
0.20678
0.76636
0.3209
0.27205
0.822
0.99656
0.28409
0.23081
0.02838
0.66753
0.74994
0.675
0.942
0.16511
0.57876
0.65
0.88925
0.22268
0.91484
0.24794
0.92593
0.9
0.25926
0.75
0.75033
0.67902
0.37404
0.80855
0.08365
0.77504
0.93086
0.09305
0.47
0.97527
0.02564
0.307
0.485
0.70097
0.925
0.64576
5
0.43443
0.49501
0.83282
0.73917
0.17354
65
0.19801
0.91374
0.69182
0.50635
0.4968
0.70097
0.46979
0.59
0.12
0.67339
0.67074
0.1
0.75177
0.7819
0.65649
0.38273
0.48437
0.99696
0.97531
0.3
0.76353
0.74454
0.90124
0.95342
0.74383
0.22634
0.2389
0.97407
0.0431
0.98775
0.37734
0.32925
0.97527
0.8819
0.025
0.22
0.32948
0.23182
0.76636
0.75
0.0988
0.58
0.69975
0.93581
0.27141
0.749
0.52
0.30042
0.23363
0.74181
0.94756
0.90033
0.4692
0.25561
0.925
0.01224
0.76848
0.11075
0.77206
0.76585
0.675
0.23457
0.24113
0.11112
0.02838
100
0.2588
0.90292
0.28711
0.29908
0.18741
0.15681
0.91634
0.36974
0.225
0.10179
0.97161
0.76636
0.70358
0.95701
0.23182
0.97435
0.68431
0.69455
0.075
0.70384
0.97407
0.75033
0.44028
0.74454
0.74383
0.02564
0.99711
0.46984
0.23363
0.34063
0.77747
0.77641
0.925
0.90119
0.45331
0.24794
0.24966
0.54729
0.00824
0.02592
0.84886
0.25545
0.01224
0.25
0.32925
0.87488
0.37978
0.28614
0.75
0.22358
0.75205
0.775
0.0988
0.78755
0.09767
0.07692
0.23151
0.40353
0.91484
0.04565
0.02472
0.59756
0.88924
0.07636
0.64636
0.57626
0.01727
0.975
0.675
0.69467
0.93521
0.03673
0.75343
0.025
0.1
0.74119
0.3
0.54268
0.11298
0.02838
0.85511
0.99175
0.67074
0.92484
0.29641
0.70091
0.07206
0.43669
0.97527
0.325
0.7
0.11075
0.08586
0.96326
0.9
0.27337
0.30544
0.66941
0.53015
0.76817
100
0.1403
0.98903
0.53
0.85
0.4622
0.876
0.7
0.23142
0.3118
0.335
0.381
0.7757
0.751
0.82
0.6296
0.1322
0.5
0.91
0.8277
0.548
0.4386
0.89027
0.30865
0.77778
0.9425
0.70097
0.46
0.66713
0.4635
0.553
0.92593
0.9697
0.717
0.126
0.559
0.02
0.184
0.22
0.48
0.43
0.158
0.73
0.614
0.31
0.3
0.4413
0.70279
0.394
0.92187
0.2714
0.5462
0.861
0.609
0.892
0.409
0.64
0.9256
0.408
0.4
0.67902
0.97135
0.3704
0.89839
0.631
0.735
0.2607
0.3208
0.736
0.26
0.658
0.8
0.32968
0.2766
0.96343
0.0893
0.33
0.24
0.7963
0.79
0.529
0.34
0.569
0.04
0.36
0.11112
0.259
0.9079
0.9
0.961
0.92227
0.324
0.69243
0.6
0.86
0.265
0.2
0.9842
0.1769
0.70371
0.1
5
0.3
0.025
0.675
0.02592
0.24966
51
0.29641
0.24292
0.7819
0.67074
0.325
0.2588
0.08342
0.2749
0.22502
0.01224
0.02838
0.27126
0.925
0.23335
0.53012
0.7
0.8368
0.69455
0.80514
0.3
0.8642
0.76636
0.2106
0.1485
0.90124
0.08
0.10875
0.25616
0.30042
0.8
0.82406
0.10289
0.02296
0.70091
0.75309
0.70371
0.22358
0.54186
0.92
0.2954
0.11
0.1
0.99081
0.12626
0.318
0.11112
0.74454
0.9
0.8212
0.00288
0.74212
100
0.7832
0.6
0.24829
0.79
0.5232
0.75
0.2207
0.91
0.14
0.1719
0.169
0.926
0.3
0.33
0.4
0.292
0.0656
0.22329
0.23183
0.98812
0.69538
0.4639
0.42
0.467
0.70086
0.39
0.431
0.3172
0.7
0.1485
0.412
0.174
0.27
0.66947
0.71
0.617
0.961
0.5383
0.8454
0.2594
0.16
0.3225
0.93
0.377
0.415
0.4502
0.7493
0.1032
0.05
0.301
0.7222
0.89261
0.67902
0.035
0.3718
0.918
0.268
0.879
0.881
0.94
0.6089
0.9
0.6113
0.68
0.205
0.92319
0.1
0.56
0.8005
0.67536
0.438
0.807
0.88905
0.35
0.449
0.1633
0.861
0.316
0.11021
0.801
0.22512
0.77778
0.75309
0.2
0.6638
0.7028
0.385
0.181
0.09
0.157
0.8
0.776
0.0883
0.5
0.007
0.6106
0.30865
0.029
0.8061
0.3965
100
0.3704
0.9954
0.903
0.7515
0.906
0.3509
0.30865
0.1903
0.22543
0.3094
0.32511
0.568
0.97531
0.91771
0.299
0.6931
0.29676
0.9
0.726
0.988
0.77
0.90022
0.5775
0.027
0.1459
0.046
0.24
0.707
0.23457
0.5
0.8766
0.8
0.747
0.088
0.25835
0.2
0.3454
0.97
0.577
0.11112
0.91729
0.019
0.97441
0.8782
0.562
0.99086
0.912
0.8558
0.8545
0.0724
0.7525
0.2049
0.11
0.6681
0.21
0.0992
0.379
0.02
0.29
0.6929
0.973
0.6358
0.637
0.48
0.81
0.1
0.3
0.263
0.6
0.77778
0.8338
0.67801
0.8368
0.49
0.44
0.52
0.213
0.0227
0.69
0.4615
0.1225
0.95
0.88
0.67597
0.5947
0.248
0.22
0.96434
0.473
0.75
0.7
0.04
0.8642
0.843
0.848
0.93
0.823
0.11101
0.4
0.96708
100
0.74383
0.96326
0.30334
0.5
0.25545
0.25073
0.10827
0.77641
0.582
0.27701
0.25616
0.7545
0.33058
0.14125
0.66947
0.75251
0.92552
0.90976
0.73079
0.92307
0.68188
0.367
0.29641
0.33059
0.34882
0.67902
0.24971
0.02472
0.92725
0.31004
0.898
0.98893
0.01224
0.9
0.25099
0.66957
0.75245
0.92593
0.8411
0.35107
0.7824
0.87
0.70371
0.34
0.7
0.75
0.325
0.11606
0.76589
0.92219
0.66941
0.92319
0.3965
0.07692
0.70091
0.76817
0.3
0.90124
0.793
0.2
0.11112
0.58839
0.3704
0.77778
0.23151
0.696
0.67835
0.16952
0.97819
0.24966
0.7146
0.32925
0.225
0.3603
0.92502
0.99175
0.02564
0.96434
0.93963
0.6893
0.25926
0.025
0.91
0.84113
0.03673
0.83838
0.08365
0.23
0.09
0.69273
0.67048
0.04888
0.97435
0.46699
0.5198
0.91484
0.66713
0.0988
0.92815
0.05
5
0.08365
0.749
0.69455
0.975
0.99711
2
0.12
0.5
5
0.575
0.567
0.518
0.58528
0.778
5
0.33435
0.59584
0.06685
0.45041
0.70472
100
0.08203
0.30544
0.68057
0.61136
0.90415
0.69455
0.08515
0.52129
0.07892
0.00288
0.75033
0.33227
0.95809
0.775
0.56772
0.75205
0.25545
0.39038
0.18505
0.925
0.11847
0.25616
0.76296
0.025
0.66941
0.22358
0.225
0.99175
0.24794
0.74454
0.88924
0.15015
0.35043
0.19166
0.1
0.23151
0.70358
0.70091
0.02838
0.43123
0.7
0.76636
0.74383
0.02472
0.13458
0.98228
0.99776
0.675
0.24966
0.03222
0.47461
0.29807
0.01224
0.33058
0.97527
0.075
0.25
0.00435
0.37002
0.99711
0.90119
0.16491
0.32925
0.749
0.46218
0.67074
0.25099
0.91484
0.29908
0.61974
0.45283
0.3
0.97407
0.70918
0.325
0.02592
0.01808
0.33014
0.9
0.97161
0.60966
0.77641
0.92307
0.66955
0.76817
0.91075
0.71279
0.2588
0.07114
0.98775
0.35016
0.975
0.11206
0.02564
0.27348
0.00824
0.03673
0.0988
0.75
0.91634
5
0.025
0.925
0.675
0.1
0.25
51
0.225
0.88924
0.975
0.91
0.11112
0.36
0.69273
0.30042
0.35191
0.07009
0.99711
0.183
0.92593
0.97257
0.00288
0.61503
0.77778
0.75
0.44745
0.02472
0.377
0.99971
0.73094
0.11075
0.77641
0.325
0.99726
0.0182
0.58386
0.8368
0.869
0.25926
0.08515
0.558
0.62615
0.55231
0.69455
0.93937
0.01224
0.9
0.82721
0.3
0.749
0.02564
0.87
0.27926
0.60779
0.708
0.97161
0.8642
0.25531
5
0.89301
0.927
0.8
0.11112
0.53
5
0.025
0.325
0.9
0.225
0.675
100
0.19113
0.25
0.15478
0.45762
0.94216
0.00288
0.67074
0.29668
0.975
0.90119
0.08515
0.1
0.49178
0.97407
0.97215
0.23182
0.76345
0.225
0.70091
0.79417
0.75205
0.675
0.80769
0.11075
0.00824
0.71391
0.88924
0.02564
0.76636
0.09988
0.98775
0.76848
0.70358
0.29908
0.01224
0.57637
0.025
0.25099
0.67815
0.63566
0.75
0.97161
0.23151
0.92341
0.00821
0.93338
0.60939
0.11597
0.05207
0.775
0.99175
0.96326
0.7
0.02838
0.43969
0.25616
0.9
0.13493
0.08365
0.27923
0.74454
0.90549
0.749
0.02472
0.57783
0.74119
0.10893
0.23363
0.96993
0.03673
0.75033
0.66941
0.93405
0.0988
0.77477
0.24966
0.38021
0.53748
0.99711
0.325
0.41581
0.3
0.84578
0.24794
0.76817
0.78793
0.74383
0.01232
0.91484
0.07692
0.925
0.77641
0.02059
0.20519
0.69455
0.13304
0.97435
0.50406
0.25545
0.075
100
0.98775
0.92083
0.76848
0.24966
0.775
0.00969
0.26387
0.69455
0.86633
0.36957
0.84674
0.1
0.76636
0.08515
0.48451
0.99549
0.02564
0.33058
0.23151
0.925
0.69231
0.70358
0.71409
0.7
0.11075
0.75205
0.91634
0.325
0.16102
0.61411
0.225
0.75033
0.65874
0.23182
0.54885
0.74119
0.19789
0.975
0.01234
0.2588
0.68004
0.025
0.94044
0.48117
0.97161
0.49979
0.07346
0.92307
0.76817
0.75
0.74383
0.91484
0.24794
0.23363
0.675
0.29598
0.97435
0.52807
0.02472
0.30038
0.749
0.08365
0.00824
0.65122
0.32925
0.66057
0.70091
0.74454
0.66941
0.89377
0.07098
0.07703
0.97407
0.77641
0.50212
0.51227
0.30876
0.3
0.23992
0.34343
0.90119
0.53701
0.9
0.075
0.15501
0.44572
0.04345
0.19951
0.25
0.59844
0.03673
0.00288
0.30544
0.29908
0.01224
0.96326
0.67074
0.25545
0.99175
0.25099
100
0.33058
0.75205
0.88924
0.23363
0.24794
0.07692
0.91634
0.56748
0.75
0.26358
0.82584
0.74119
0.62095
0.25099
0.02726
0.18891
0.25
0.97765
0.29641
0.675
0.38055
0.98775
0.92307
0.00288
0.30021
0.775
0.59597
0.95292
0.02838
0.9
0.70091
0.08515
0.97161
0.18894
0.19813
0.83852
0.29908
0.975
0.16328
0.02472
0.925
0.01224
0.56835
0.55279
0.75284
0.99175
0.88877
0.60602
0.325
0.48746
0.45301
0.075
0.76817
0.67074
0.97527
0.96989
0.33513
0.80867
0.69455
0.02592
0.96326
0.99136
0.60915
0.3
0.2588
0.02268
0.77641
0.30544
0.99329
0.00824
0.66941
0.49672
0.76636
0.7
0.27812
0.225
0.75469
0.08888
0.32925
0.76848
0.39599
0.25616
0.70358
0.39101
0.08365
0.749
0.71581
0.23182
0.025
0.24966
0.78512
0.02564
0.11075
0.1
0.51788
0.32542
0.97407
0.74383
0.56412
0.91484
5
0.67597
0.15
0.04
0.10197
0.412
5
0.05856
0.80064
0.70606
0.10824
0.89082
5
0.975
0.025
0.3
0.9
0.925
5
0.769
0.099
0.5602
0.008
0.9393
100
0.0498
0.9923
0.9373
0.96343
0.77778
0.02
0.944
0.995
0.25835
0.69
0.25652
0.69141
0.293
0.3704
0.30458
0.66804
0.1893
0.79
0.527
0.8267
0.4
0.186
0.47
0.38
0.998
0.91
0.30865
0.70371
0.17
0.84
0.62
0.1235
0.35
0.085
0.159
0.637
0.746
0.92502
0.67902
0.89301
0.33
0.6207
0.25
0.9191
0.70066
0.14
0.8
0.0739
0.8174
0.55
0.56
0.9123
0.8249
0.9228
0.89809
0.77687
0.96586
0.3597
0.03
0.0581
0.382
0.288
0.1613
0.67781
0.77412
0.697
0.18
0.19
0.78
0.1
0.597
0.9
0.22533
0.9549
0.70005
0.123
0.51
0.498
0.25825
0.774
0.558
0.8368
0.72
0.725
0.509
0.69975
0.154
0.66
0.3
0.2881
0.093
0.5841
0.812
0.7
0.88
0.6777
0.187
0.87
0.2
0.3717
54
0.494
0.36
0.67627
0.225
0.7545
0.83282
0.29641
0.025
0.00288
0.11075
0.74121
0.2871
0.91484
0.999
0.22238
0.11112
0.75205
0.3094
0.76636
0.23335
0.69455
0.88924
0.75
0.961
0.25099
0.06863
0.02472
0.97407
0.64151
0.25
0.27483
0.92319
0.89301
0.32196
0.4874
0.668
0.0853
0.688
0.96708
0.1
0.09
0.96015
0.02
0.74383
0.58
0.99478
0.76
0.84837
0.89851
0.47435
0.90589
0.76589
0.81432
0.97161
5
0.55396
0.9588
0.5
0.2
0.69285
5
0.12
0.25
0.771
0.736
0.0991
100
0.25099
0.5869
0.775
0.0988
0.85929
0.18807
0.1
0.30042
0.22358
0.98862
0.77641
0.32389
0.92593
0.97527
0.16607
0.78542
0.84246
0.57519
0.1235
0.53534
0.74138
0.961
0.08515
0.59
0.91484
0.99177
0.67079
0.854
0.75035
0.69548
0.25652
0.7819
0.52
0.92227
0.74029
0.67627
0.86165
0.23183
0.25967
0.70358
0.50791
0.53112
0.29951
0.76848
0.98903
0.10037
0.925
0.4
0.01239
0.97678
0.01653
0.25
0.369
0.3923
0.1397
0.69243
0.69455
0.25616
0.90119
0.1066
0.24794
0.8
0.749
0.1489
0.76925
0.95542
0.97407
0.3704
0.7
0.9
0.5894
0.665
0.99418
0.03673
0.67617
0.11112
0.02564
0.04283
0.96326
0.97531
0.08365
0.74454
0.23182
0.01224
0.41936
0.99424
0.67074
0.4909
0.857
0.77778
0.96302
0.32925
0.79683
0.02838
0.581
0.642
0.61183
0.97435
0.89758
0.18013
5
0.15287
0.65661
0.98538
0.10975
0.71922
100
0.70653
0.43258
0.76817
0.10083
0.75205
0.88924
0.52472
0.96452
0.62699
0.975
0.69011
0.24966
0.02603
0.225
0.77087
0.70358
0.91634
0.69707
0.41434
0.97527
0.19615
0.75033
0.45362
0.92363
0.75
0.64204
0.25775
0.29908
0.2588
0.02838
0.79787
0.91484
0.77641
0.0988
0.03447
0.32925
0.78992
0.81464
0.52475
0.30544
0.325
0.29745
0.025
0.07762
0.00824
0.11075
0.67074
0.79123
0.99175
0.25
0.33058
0.73906
0.18421
0.80115
0.74383
0.23363
0.69455
0.749
0.61486
0.87636
0.97407
0.03673
0.3
0.29641
0.71792
0.25099
0.32402
0.23733
0.61682
0.20427
0.65526
0.075
0.35744
0.02472
0.08515
0.1
0.9
0.25545
0.675
0.22358
0.54981
0.7
0.08365
0.23182
0.23703
0.92307
0.10386
0.70091
0.925
0.24794
0.97435
0.74119
0.58448
0.97161
0.90119
0.00288
0.66941
0.98775
0.775
0.07692
100
0.57
0.98762
0.81714
0.08601
0.925
0.52269
0.91484
0.13703
0.2
0.3
0.2791
0.269
0.77778
0.99711
0.39546
0.89016
0.74383
0.89748
0.325
0.11112
0.6844
0.01224
0.2881
0.23363
0.9
0.69273
0.75033
0.79897
0.047
0.101
0.43963
0.33029
0.25103
0.2588
0.65203
0.48
0.24966
0.83314
0.35602
0.88827
0.90119
0.00824
0.91729
0.23182
0.32236
0.07692
0.67902
0.8368
0.1194
0.6
0.788
0.18
0.5
0.3704
0.1
0.961
0.94357
0.69
0.97435
0.32925
0.749
0.02564
0.1235
0.02472
0.97531
0.23366
0.23284
0.22358
0.66012
0.43209
0.5405
0.41
0.06
0.77907
0.01
0.92502
0.29908
0.412
0.58
0.99177
0.772
0.8
0.25926
0.91634
0.18006
0.33058
0.7728
0.61741
0.7948
0.00947
0.23151
0.209
0.17823
0.13905
0.72631
0.92307
0.97161
0.8642
0.88924
0.278
100
0.457
0.25926
0.7997
0.89809
0.785
0.1329
0.46
0.64
0.74
0.83
0.4846
0.7341
0.6
0.5689
0.6212
0.433
0.18
0.475
0.59
0.97216
0.309
0.77778
0.4
0.521
0.8
0.69
0.139
0.91
0.137
0.73
0.7505
0.97441
0.575
0.21
0.2694
0.4377
0.8056
0.1532
0.70371
0.702
0.25
0.9
0.2
0.0863
0.1107
0.44
0.875
0.67048
0.769
0.39
0.4482
0.716
0.23152
0.525
0.08
0.99696
0.3
0.5
0.895
0.641
0.47
0.92593
0.453
0.0166
0.9106
0.96708
0.8681
0.8643
0.216
0.67079
0.67505
0.3557
0.1235
0.58
0.7455
0.33
0.12
0.491
0.8637
0.1
0.77412
0.214
0.854
0.49
0.827
0.25103
0.815
0.65
0.56
0.3815
0.509
0.2026
0.3482
0.7
0.591
0.104
0.4089
0.97531
0.93
0.2576
5
0.26018
0.06652
0.66503
0.57266
0.03465
100
0.749
0.92319
0.24966
0.29641
0.4
0.86353
0.92502
0.2575
0.1205
0.7
0.02838
0.97653
0.95866
0.73175
0.25103
0.675
0.24829
0.4624
0.6
0.70358
0.32925
0.76636
0.69562
0.67902
0.96326
0.38612
0.77501
0.08356
0.11112
0.11075
0.02564
0.3
0.67285
0.25
0.01224
0.5
0.00288
0.0988
0.70371
0.83
0.53924
0.55914
0.91455
0.75309
0.199
0.30981
0.77641
0.92593
0.69141
0.97407
0.03462
0.35551
0.99711
0.232
0.75035
0.99175
0.835
0.22205
0.025
0.29951
0.19989
0.325
0.66682
0.043
0.141
0.97527
0.26692
0.1
0.2485
0.70005
0.02592
0.9163
0.3704
0.30743
0.10014
0.66467
0.88996
0.99709
0.612
0.61207
0.76817
0.90119
0.8
0.91634
0.29908
0.50891
0.25545
0.2086
0.62172
0.98135
0.2607
0.84895
0.74383
0.97531
0.2759
0.35197
0.82295
0.70097
0.72421
0.75391
5
0.67428
0.30924
0.93938
0.12043
0.94719
66
0.49641
0.632
0.0988
0.23183
0.30489
0.97527
0.8642
0.472
0.33058
0.6
0.6512
0.02592
0.775
0.57472
0.96053
0.2791
0.11075
0.99175
0.2
0.79048
0.90093
0.25616
0.45137
0.57151
0.74486
0.92954
0.84618
0.25545
0.2851
0.24966
0.32511
0.311
0.225
0.23457
0.4
0.4633
0.5
0.30865
0.675
0.3843
0.98775
0.90768
0.97166
0.35432
0.76848
0.79
0.47628
0.325
0.30544
0.1
0.02564
0.08515
0.70091
0.19
0.11428
0.53333
0.60279
0.10289
0.11112
0.70943
0.44151
0.67811
0.94517
0.3704
0.08365
0.77778
5
0.7
0.30431
0.02
0.07947
0.1736
5
0.225
0.25
0.075
0.9
0.925
5
0.25
0.325
0.1
0.975
0.075
5
0.8931
0.9
0.8656
0.4405
0.2
100
0.44648
0.30241
0.45651
0.25099
0.02472
0.32925
0.66941
0.99175
0.33406
0.775
0.025
0.82885
0.48517
0.84723
0.23457
0.08515
0.76817
0.29641
0.12559
0.75205
0.74454
0.54307
0.57731
0.11075
0.26469
0.25616
0.67074
0.25
0.9
0.03672
0.925
0.86329
0.97435
0.19112
0.97407
0.1
0.48721
0.69455
0.975
0.97527
0.88449
0.35559
0.02592
0.23363
0.29908
0.25545
0.74119
0.28658
0.225
0.20533
0.24794
0.90119
0.25597
0.76636
0.37025
0.11548
0.24887
0.7
0.84862
0.76848
0.0988
0.77641
0.675
0.33058
0.88162
0.96793
0.24966
0.3
0.40402
0.08365
0.22651
0.91484
0.86885
0.56676
0.97161
0.325
0.98775
0.91634
0.96326
0.30544
0.66616
0.96496
0.70091
0.92307
0.67575
0.74383
0.749
0.75
0.02564
0.02241
0.88924
0.46844
0.99711
0.51093
0.75389
0.075
0.64747
0.2588
0.07692
0.00288
5
0.675
0.925
0.25
0.1
0.225
57
0.02838
0.97407
0.92307
0.68054
0.32104
0.478
0.77778
0.11112
0.025
0.075
0.20758
0.95898
0.25616
0.748
0.25
0.6
0.30042
0.85918
0.04
0.10797
0.75438
0.42934
0.73603
0.70097
0.17
0.03673
0.24966
0.0988
0.97435
0.154
0.49025
0.8501
0.7
0.96708
0.02472
0.25531
0.99711
0.2
0.23457
0.94636
0.45616
0.31132
0.75309
0.72476
0.77641
0.9
0.52
0.7718
0.08515
0.29908
0.89169
0.4
0.30544
0.30865
0.0009
0.325
0.89851
5
0.849
0.98
0.5246
0.43
0.573
5
0.69
0.2881
0.96
0.393
0.75
100
0.4928
0.5
0.99961
0.666
0.29911
0.2963
0.92491
0.1614
0.931
0.5418
0.3613
0.54
0.98812
0.2791
0.788
0.6
0.01
0.502
0.8421
0.732
0.99086
0.25896
0.10837
0.444
0.3704
0.26
0.418
0.77778
0.62
0.3749
0.22351
0.767
0.15
0.394
0.51
0.596
0.1
0.927
0.3347
0.06
0.67627
0.671
0.92593
0.8277
0.8
0.8864
0.0889
0.917
0.92
0.715
0.29
0.851
0.44
0.7
0.32
0.25926
0.9
0.0325
0.39
0.36
0.96708
0.99909
0.3356
0.0349
0.944
0.10289
0.544
0.3
0.16
0.0097
0.8092
0.23
0.509
0.323
0.1235
0.37
0.61
0.4
0.41
0.11112
0.27
0.2128
0.73
0.383
0.637
0.09
0.8889
0.2515
0.2759
0.75
0.484
0.061
0.66
0.238
0.2
0.7571
0.4305
0.34
0.89851
0.273
5
0.2
0.18
0.1214
0.554
0.82826
63
0.229
0.10837
0.11112
0.59606
0.62128
0.5393
0.98775
0.32236
0.77641
0.92593
0.70097
0.96518
0.16855
0.03673
0.90725
0.97161
0.5
0.07236
0.2588
0.32481
0.70358
0.89546
0.96708
0.69455
0.9306
0.921
0.51378
0.96102
0.77778
0.95125
0.975
0.97531
0.36
0.11075
0.48735
0.24794
0.69182
0.98
0.3704
0.08212
0.1235
0.01711
0.74119
0.84817
0.00288
0.52437
0.225
0.02592
0.25073
0.925
0.74383
0.2175
0.75033
0.10084
0.25926
0.3
0.73491
0.23
0.325
0.96326
0.4
0.74212
0.143
100
0.342
0.6
0.85
0.243
0.3704
0.8637
0.87
0.05
0.5553
0.99177
0.491
0.5
0.7004
0.25073
0.431
0.903
0.5276
0.3854
0.69243
0.712
0.498
0.8229
0.32
0.5434
0.23
0.152
0.27
0.5835
0.23457
0.54
0.873
0.2014
0.78
0.2
0.4
0.42
0.97135
0.48
0.8267
0.1571
0.61
0.92593
0.77778
0.3733
0.522
0.7
0.13
0.314
0.2242
0.729
0.30865
0.98893
0.3765
0.89179
0.25012
0.28
0.636
0.173
0.308
0.77504
0.67
0.10289
0.0306
0.7912
0.32511
0.89301
0.1
0.366
0.3591
0.97531
0.158
0.0295
0.213
0.29951
0.2718
0.01
0.02
0.8
0.8024
0.6429
0.9831
0.88996
0.67079
0.35
0.2902
0.376
0.94
0.9
0.66
0.5496
0.7041
0.88935
0.57
0.11112
0.3921
0.99
0.232
0.91
0.3
0.4379
5
0.18806
0.57
0.35302
0.703
0.4077
54
0.67074
0.112
0.30378
0.325
0.02472
0.96708
0.70371
0.69273
0.4
0.4234
0.90124
0.2881
0.75309
0.24981
0.6
0.36
0.49098
0.3704
0.92307
0.25545
0.76817
0.44923
0.47765
0.54162
0.4042
0.97435
0.29641
0.1119
0.88905
0.97161
0.25652
0.05619
0.24701
0.38128
0.075
0.23151
0.335
0.25
0.76636
0.69604
0.17036
0.02838
0.7
0.351
0.38
0.5
0.75
0.99726
0.33202
0.91484
0.30733
0.23457
0.06623
0.2588
100
0.16
0.549
0.7448
0.3018
0.4705
0.9022
0.3689
0.6008
0.89027
0.23457
0.67
0.37
0.8481
0.625
0.41
0.578
0.7976
0.371
0.234
0.29
0.30042
0.30763
0.1859
0.98
0.22
0.26
0.10289
0.015
0.66
0.08
0.534
0.344
0.421
0.29951
0.3279
0.189
0.11
0.279
0.4649
0.241
0.067
0.2
0.3138
0.4683
0.1
0.8526
0.265
0.22361
0.67902
0.5
0.9625
0.588
0.313
0.97216
0.558
0.051
0.6349
0.4295
0.66804
0.9
0.896
0.586
0.345
0.905
0.7726
0.76
0.271
0.893
0.774
0.7819
0.22634
0.541
0.32
0.42
0.99177
0.64
0.6342
0.2161
0.92
0.8
0.196
0.69416
0.3431
0.11112
0.49
0.3704
0.444
0.77
0.984
0.617
0.3
0.487
0.34
0.1235
0.62
0.70371
0.901
0.09
0.7
0.03
5
0.675
0.975
0.25
0.925
0.1
63
0.29951
0.25
0.32647
0.0988
0.30834
0.98903
0.55529
0.24829
0.86582
0.85622
0.79565
0.01224
0.89851
0.70769
0.32893
0.30544
0.23182
0.75004
0.2515
0.33202
0.2576
0.075
0.97531
0.91634
0.34814
0.325
0.4218
0.8
0.34157
0.77778
0.2588
0.99711
0.77641
0.7
0.873
0.31418
0.14329
0.879
0.3389
0.96617
0.07698
0.66
0.11112
0.67897
0.96064
0.29641
0.6447
0.0944
0.9
0.11398
0.67074
0.08515
0.87313
0.22358
0.975
0.25926
0.97527
0.97407
0.3
0.73608
0.74454
0.10333
0.91729
