50
3
1 2147483647 2147483647
5
3 4 7 4 3
5
2 10 2 10 5
3
1 1 2147483647
9
1468660160 1468660160 847113495 847113495 201492686 1660328130 86441142 86441142 201492686
57
6857 7363 7654 6956 7363 7654 3072 7986 6857 8215 2305 118 7124 3072 7124 9876 6741 5529 7494 1633 3362 9148 9148 1482 1633 7494 2305 3286 1139 6956 7914 4610 2164 9597 3362 4610 3505 9597 6585 1482 2164 3286 5529 118 1139 3824 4810 6741 9876 7986 8215 3468 3468 3505 6585 7914 4810
25
4574 4057 5821 814 3815 2562 5096 2562 8823 8823 5096 4574 4057 9111 814 1327 3815 9111 6963 8997 6963 8997 9323 5821 9323
37
6260 5168 6093 6423 7028 1735 161 2740 8381 6093 6260 7565 1792 3989 5196 5196 1792 161 3193 1735 3703 9715 3703 6423 3193 2740 7565 2442 9715 4324 2170 8381 4324 2442 3989 2170 7028
37
5102 1116 4922 935 200 9414 4709 9316 200 5303 9917 4871 1340 9756 4871 4709 4401 9756 5102 1116 9683 1340 4401 9414 935 5484 5484 864 9550 9316 4922 5303 2526 2526 9683 864 9550
77
1791 775 6999 1791 5203 5910 3265 2397 1900 3190 775 5893 5332 4545 3314 1606 9625 6999 3314 5203 9246 2290 1856 6769 6551 1856 9364 8776 8855 2290 7114 1973 9246 1973 6257 5332 1606 3190 8776 9229 7163 2596 3918 3265 7163 7568 7114 9625 6257 8653 1129 4545 3044 7351 7568 3197 1900 8653 3918 6443 2397 8593 7351 6551 2596 5910 5893 8593 9364 313 3197 3044 9229 1129 8855 313 6443
89
4536 1763 7353 5927 8450 4020 656 259 7045 6276 5487 7812 2652 8296 305 4134 1046 8204 5021 1763 6112 1046 1073 3332 4134 2906 2438 7499 881 881 1698 2652 1984 7353 9991 6135 2930 3332 6264 8853 8450 6973 6276 2438 718 8853 5740 5487 4020 3611 5927 656 8042 9954 3611 2628 7499 5021 8042 9902 2583 2930 1698 6135 5563 305 1984 6264 4536 718 6973 7812 5649 6112 2148 2628 1073 7045 8204 9902 2583 5649 5563 9954 8296 2906 5740 259 9991
17
4590 7317 8530 8530 7180 193 6756 6756 3861 5915 4034 4590 5915 7317 4034 193 7180
9
854 5768 9914 6994 6994 854 5556 9914 5556
91
9677 2475 5269 7382 4474 4454 4474 9677 4268 540 8615 4110 6294 9734 8700 6842 2906 6382 8689 7258 4454 8999 3085 4933 3827 7559 4933 2906 6236 7792 7835 3867 3085 8983 6810 6382 4189 3363 7258 4016 9816 5267 3877 6308 9816 9734 4971 3151 6810 7382 3867 4110 6308 5267 1669 5269 4788 8615 597 6236 4016 5812 7792 8011 2475 8700 7559 3877 8011 540 7259 4268 3025 5812 7835 8999 8983 4189 3025 7433 3151 6842 3363 3827 7433 1669 597 7259 8689 4971 4788
89
7958 2690 4253 336 1847 7792 3882 532 5517 5361 9964 1847 3772 7449 8137 1908 16 16 6041 5691 2497 2975 6041 6882 2588 4423 8916 3949 7883 9645 9645 2975 6820 7204 4674 336 6820 9964 2497 7173 7434 4964 7883 7761 7958 3949 8975 8975 5691 1529 8536 6882 9276 30 5361 532 4253 3993 7434 3882 5517 7792 2092 2588 4674 2092 4423 4964 9276 8335 7761 1908 7204 7449 8536 9796 30 1544 3662 7173 8335 1544 9796 8137 2690 3993 8916 3772 3662
83
9150 380 9150 5953 1045 4626 1579 4289 576 4392 5994 8629 3414 1218 1237 2536 1045 5971 7114 2713 4289 7366 487 5815 3283 170 9415 4335 5595 6813 1157 6813 4626 2190 3170 648 9415 7114 3170 9564 5428 6300 2713 5815 8629 7638 5595 8424 6357 8424 6983 576 6125 2765 9564 6983 170 2765 6357 2536 1237 1218 6125 5971 380 5427 2190 1157 3414 5953 5427 7638 5428 7366 5994 8249 487 6300 4335 4392 648 8249 1579
75
6499 9596 8833 7881 9685 3725 8610 283 7586 8155 2378 1257 3186 9237 6381 7122 5685 6499 283 3816 4897 7881 5399 3410 7586 3816 7281 7281 3186 4897 4374 7132 8676 5789 2108 3768 9685 6381 972 8610 8155 5789 3858 3155 9809 5040 2778 5399 2921 3410 8676 4710 2378 5685 3155 8833 4502 5040 9069 4502 9237 2778 2921 972 2108 4710 1257 3768 3725 9069 7132 9596 3858 4374 7122
53
926 6584 4100 4800 3701 7216 8243 2911 926 3701 9339 6275 4303 1093 7960 9207 5162 6584 4419 7216 610 4800 4488 2911 4100 3054 7307 3961 7960 8147 6275 8243 9207 5149 4303 2273 2273 8147 5064 4488 126 5387 5162 126 5149 3961 610 1093 3054 7307 5387 4419 9339
31
1517 9877 2031 2115 1517 3605 1455 5138 1951 1032 8588 6646 5138 8588 2031 1032 1776 8433 2020 3605 9491 1455 6646 9491 7394 9877 2020 7394 1776 1951 2115
77
3426 4618 5891 2734 1125 8263 3356 2457 3515 1748 9096 8145 4375 5212 8145 1617 7609 424 1618 131 497 3233 424 3233 6139 9499 3234 6614 4037 4736 4140 3097 1125 4037 5212 7194 6139 8437 1618 1748 4618 8437 25 7764 9096 3356 9404 8263 7609 4140 6551 2655 1617 6551 4736 3515 6614 2457 4375 25 7764 497 3234 5891 3426 2734 19 2655 9499 4509 6205 7194 6205 19 131 3097 9404
23
8122 4703 4959 1505 4703 8227 9218 1505 1266 8227 7437 811 1475 811 8122 1266 7437 9218 6606 6606 1475 7706 4959
37
3324 8390 3324 5170 5170 8390 9386 2106 3161 3942 76 1768 601 3954 7723 8551 601 3249 8551 9386 7732 3954 494 7732 494 8434 4957 2106 7723 3134 3134 4957 1768 3161 76 3249 8434
35
4237 5521 3592 5218 2219 6608 2219 4177 5004 5521 4237 7545 8359 79 892 258 79 7545 6608 4177 941 4611 4744 4986 4611 892 5004 7246 3592 8359 4986 5218 258 7246 941
19
4085 2617 2617 1199 6806 969 4421 1199 2026 2209 4207 4421 5447 5447 2209 969 2026 6806 4207
5
8225 1959 6624 8225 1959
11
612 1174 612 1174 336 4331 55 2671 4331 2671 336
83
4360 5905 4240 1682 8277 7293 4917 4917 4155 7597 3837 4429 1624 7675 3837 7365 2931 8277 482 2149 3934 508 1430 6413 6479 1624 3416 9916 1781 1568 5826 7597 8312 1781 8400 7474 1568 9215 6413 4360 2149 3579 2251 482 8400 7675 3442 6430 4429 1430 1484 5962 7086 5826 8312 4155 6479 7956 5905 3934 4240 2286 2286 9505 1484 9505 2930 3579 3442 7365 5962 9215 508 3416 2930 9916 2251 7474 7086 2931 1682 7293 7956
3
8920 6717 8920
21
5810 5244 2189 7459 2898 7459 6301 6301 2189 1215 6161 5244 5810 4737 421 1750 4737 421 2898 1750 1215
15
8077 6927 4156 5906 4907 4156 6927 3700 2266 3700 9360 5906 9360 2266 8077
87
9714 4823 704 3395 7489 438 5732 4554 3395 8988 9018 4554 9714 3333 9894 556 2205 796 6539 6545 3527 8427 7045 5472 2197 2647 3808 7245 6512 3545 3333 8436 8436 57 962 2647 9974 9018 9930 5472 1897 5732 438 57 8427 266 1624 5113 3527 4823 2205 704 8988 6512 5113 1624 9913 1041 5158 1897 391 3808 3022 3022 9631 7489 3545 2197 7245 391 5421 9913 9894 9974 266 9930 556 7045 5421 5158 9631 6545 6539 962 2486 796 2486
89
63 2509 7204 8120 1401 8901 8601 2731 309 6410 6625 8901 6625 3492 6061 6531 8922 5324 9732 8601 5445 9732 1100 5077 7464 5445 4003 6531 7516 909 63 6410 909 5077 6061 7238 9645 3322 8130 2509 9752 2130 7798 2877 6893 6482 3492 8176 2877 7388 8922 4897 3322 7388 7464 2130 4645 9668 7243 8120 4003 7798 121 5324 7566 7204 7238 9645 1100 121 9668 4645 6893 9052 2731 724 7342 9052 724 7342 309 1401 9752 8130 6482 4897 7566 7243 8176
85
2802 8098 3342 9799 533 964 9095 2257 1210 4283 8008 4427 8033 2966 8419 7099 6733 273 7760 6922 8007 9136 8008 8535 3721 5705 6922 533 9799 6733 9095 783 9765 1599 1115 6332 2802 1210 8419 1115 8901 783 8901 8098 4427 8959 8132 4283 7099 8682 7841 91 3342 5705 3721 4895 125 5930 8682 7241 2494 7241 91 6332 964 8007 8132 7760 8959 9136 125 2204 8033 5930 2494 8249 2257 273 4895 1599 7841 8535 2966 8249 9765
49
9159 1641 9093 1794 6612 9556 9233 9304 1173 7144 9556 5742 9159 7700 4325 7144 8615 1929 324 9339 8615 4325 6612 3965 3965 8789 8062 8630 9233 1173 4465 9339 324 1929 1794 692 9494 692 8545 8789 1641 9494 8630 7700 5742 8545 9093 8062 9304
55
3180 6885 9717 2346 2269 3107 2649 6209 9910 7396 2855 9694 5148 2346 5878 6885 7229 5820 6600 9694 1313 7938 6600 3107 4469 7938 9787 978 2855 2649 1313 3180 5148 6209 9105 1267 5878 9787 8834 2511 1420 1420 3993 3993 9717 2511 1267 9910 8834 7396 2269 7229 5820 978 4469
43
3977 4337 3335 3977 6305 6268 4043 2957 4043 2957 9770 2992 6016 2992 8480 2560 3331 5398 6305 3335 565 4898 5398 1973 5657 4898 9770 565 5657 4337 2560 2379 1973 48 97 6939 2379 6268 97 8480 6016 3331 6939
39
2203 5900 8383 9692 300 4530 9692 3323 2257 300 4820 3758 4530 3052 3323 8015 9392 8898 3737 4887 8015 1491 3737 3504 2203 3052 1491 3291 8898 1909 4887 1909 9392 3291 4820 3758 2257 5900 3504
29
781 2582 9400 2721 1756 8833 4384 5421 2975 3946 781 9400 2452 1756 3946 4961 9149 2721 2452 6467 9149 8833 4961 5421 2975 2582 8369 4384 6467
55
2501 5522 3991 1428 9986 1910 6063 5223 4504 3991 8840 6063 6153 1377 665 1428 4504 2550 5103 9433 6153 9433 2501 2974 9314 1910 2341 9366 311 2974 4357 2819 6031 6609 6164 2341 5103 6609 9314 8840 284 4357 284 2819 3528 6164 3528 5223 9366 5522 2550 1377 311 9986 6031
31
571 8897 5317 271 4211 2104 7481 7481 8897 2539 8036 2544 8036 5414 7946 571 2544 4211 4470 7531 1055 5414 2539 7946 2104 7531 4470 271 5317 7705 7705
71
3050 4523 4521 2361 826 455 8454 5718 808 3907 1369 6499 4386 3408 719 455 1565 712 662 1565 719 712 7410 3907 2361 1926 4523 5718 6347 695 1926 6649 5263 6757 4386 826 2952 3050 4521 6757 8454 6499 808 695 2952 8701 1773 737 8701 5263 8467 7410 6649 1369 662 6412 6412 9696 4820 2349 737 2349 8467 1773 4820 4462 4462 6347 9696 3573 3573
3
6849 6849 1051
65
1184 9576 9893 7678 7678 4255 6923 2030 3847 7692 8029 6451 134 7594 8678 5808 9865 1184 2023 5808 7594 5346 7857 2030 2302 1622 5346 4820 134 3036 9891 6451 198 3036 7168 8678 1622 4365 7048 4365 8217 4255 7048 3847 8808 198 7168 8029 6109 8808 6923 9865 7692 7857 9893 6109 9576 9227 5701 9227 9891 4820 5701 2023 8217
87
9688 3287 3283 1703 8633 924 1581 2970 4405 997 2652 5711 9798 659 5711 1703 1581 8607 7085 4441 1060 4573 4441 7156 9925 8970 9967 9925 2920 949 8452 8970 1506 2970 9239 5354 8633 6259 949 997 3694 9239 2351 9014 8758 9561 3694 1506 3283 2920 1060 4405 3999 4318 8452 5752 2652 2351 7156 687 924 9561 4573 9280 1990 9289 659 578 3999 2950 8758 9798 3287 5354 9967 7085 578 9280 5752 9688 9289 6259 4318 1990 9014 8607 2950
41
614 3727 4011 1955 614 1614 715 8188 7344 2855 7300 2855 2637 6170 6170 7262 6663 4011 4278 5588 4278 2535 7300 7262 2535 715 1955 1614 8188 6663 6645 6645 3436 3727 2637 3773 8476 3773 5588 8476 7344
11
5792 5569 1952 4385 5569 3868 1952 4635 3868 4635 5792
73
9647 8731 8721 9647 5606 5217 8456 5036 4604 9976 6673 301 8721 6037 9404 8856 8950 9976 9953 6037 6328 4604 4139 3385 6498 8324 7777 5606 8456 8102 5889 5587 9454 8989 3385 6302 9454 8731 6351 6351 8322 5036 8950 5842 6077 8280 6328 8856 8322 5587 1754 301 9953 5293 4187 8102 6077 1754 4116 5842 6673 9404 8324 5889 4187 8280 5217 6302 6498 4116 8989 7777 5293
79
3744 2340 7627 9625 5684 7913 573 9406 1757 2083 9416 2234 8907 7775 4568 9701 2234 181 429 9731 2083 425 7951 9625 9416 6805 1250 7775 1757 425 9539 9731 3172 3678 8213 2316 4099 7614 5546 5684 6367 1250 5056 9539 5361 7627 7796 9701 5056 7796 429 7265 6572 6805 2340 7614 8907 7913 181 3678 9406 573 148 4568 3963 3172 3963 7265 148 6367 6572 9298 3744 9298 2316 5361 4099 7951 5546
55
6296 2444 7716 7087 1419 5644 9733 64 6296 2444 1505 6430 4999 6430 6141 6281 6141 3655 1255 5689 5644 3608 7740 4571 5267 7087 64 1044 5280 1090 3598 4851 5107 4571 5689 3655 5267 1255 7740 8365 7802 1090 3608 3598 5107 1505 4851 7716 1419 6281 1044 7802 4999 8365 5280
15
9265 3341 2377 6029 3341 2377 1003 7444 6029 8000 7444 8000 9265 1003 3717
