10
100
3
5 75 25
200
7
150 24 79 50 88 345 3
8
8
2 1 9 4 4 56 90 3
542
100
823 635 461 363 649 145 944 444 477 113 462 128 549 838 269 793 246 213 321 409 879 730 11 125 139 249 923 672 362 821 672 700 309 254 644 678 306 466 594 987 350 150 734 427 39 29 771 684 199 887 646 949 767 937 281 256 866 841 38 709 720 983 674 170 682 783 549 174 833 851 650 589 16 821 17 958 671 728 13 849 781 108 327 271 259 304 344 177 320 38 6 572 48 312 221 628 815 461 610 972
789
65
333 659 286 755 372 561 738 676 10 344 917 229 37 689 642 643 474 646 994 565 266 623 239 618 366 701 276 640 21 258 422 672 101 886 281 481 927 89 610 534 127 104 685 6 172 257 736 563 812 476 896 671 270 154 223 252 538 488 893 283 748 479 813 847 173
637
87
82 427 910 828 100 24 341 818 582 333 783 751 423 406 974 933 747 645 979 541 13 522 486 216 207 272 659 177 333 688 709 106 531 908 788 753 771 854 814 32 879 785 248 113 995 780 647 586 262 234 283 478 858 564 614 179 229 410 454 274 278 95 472 184 449 29 112 793 936 350 37 10 56 733 826 617 870 364 696 478 641 699 834 570 107 662 84
959
55
756 486 626 323 646 693 267 343 111 881 299 177 393 391 527 7 133 157 930 475 246 249 996 451 206 916 674 123 997 49 485 999 924 697 71 930 76 959 165 793 204 492 42 802 968 690 338 77 955 810 729 960 464 202 17
637
29
239 375 833 109 110 353 495 614 490 396 784 239 460 490 954 610 223 695 143 859 128 509 412 14 918 842 422 934 242
175
40
469 147 674 26 430 930 238 949 667 819 311 879 550 769 128 899 493 921 660 390 755 802 419 121 70 42 434 429 441 279 247 127 397 149 483 39 176 559 297 823
302
40
497 601 97 742 452 531 424 944 17 185 627 406 429 952 708 988 420 558 871 729 57 724 541 833 651 656 827 205 534 263 4 128 89 348 416 371 11 439 581 407
