10000
10 65
3 28
4 63
4 59
2 15
5 24
2 94
1 8
4 22
3 1
5 74
1 97
4 28
6 2
2 46
3 15
1 23
5 45
8 76
5 56
8 62
4 35
2 19
7 59
3 68
2 43
5 84
4 33
1 50
8 79
5 97
7 51
5 41
6 41
7 53
5 11
1 11
4 26
8 48
6 6
5 39
8 47
1 95
7 63
5 19
3 85
10 66
6 63
1 85
1 12
6 22
2 2
1 16
4 54
2 36
4 40
10 62
9 13
6 37
9 8
8 69
10 58
7 53
5 89
1 26
1 94
10 70
4 27
5 8
7 6
9 70
10 88
8 68
6 83
2 50
8 63
8 35
5 84
8 78
1 50
6 34
10 19
9 59
7 80
2 85
5 80
2 34
4 66
7 52
3 28
8 8
8 15
5 64
2 58
4 11
3 34
7 19
9 41
1 78
7 94
7 60
2 38
3 73
8 23
8 49
8 2
10 22
8 61
8 79
4 61
6 65
10 32
2 4
6 94
3 22
2 80
3 98
6 79
9 33
9 78
4 42
3 0
3 3
10 92
10 91
2 38
9 99
8 0
6 43
4 48
2 71
5 1
5 30
8 17
9 20
7 31
4 74
6 91
8 27
2 58
2 71
4 47
8 32
8 94
5 91
4 31
8 30
2 87
7 17
9 65
4 91
8 30
9 3
7 41
9 75
4 75
5 76
4 82
6 32
6 59
1 93
10 64
2 76
1 91
7 64
4 78
3 82
2 6
7 44
7 43
1 56
8 67
10 79
9 82
4 94
1 62
1 100
1 99
2 31
8 4
8 15
5 51
10 47
2 6
5 76
2 20
4 35
3 94
4 44
10 29
6 36
9 80
4 27
9 70
10 7
1 68
2 71
6 80
5 71
5 66
8 59
7 98
4 28
2 23
10 86
4 33
3 51
7 38
1 3
7 64
6 65
3 35
1 50
10 43
5 8
7 56
5 39
10 10
1 43
8 69
7 89
7 44
7 30
2 90
6 46
3 29
3 62
1 93
2 54
5 97
5 12
10 25
7 7
6 45
4 18
6 5
1 82
1 51
6 77
2 24
10 76
6 12
8 8
4 59
2 2
6 58
7 36
8 22
3 27
3 96
3 78
7 60
9 36
7 37
2 78
5 48
1 4
10 11
9 93
10 55
10 17
8 77
5 96
8 20
2 9
2 82
4 68
10 41
9 91
1 87
5 97
7 35
1 44
2 75
6 13
9 54
3 98
1 6
3 36
10 83
5 67
1 36
6 67
6 0
10 49
7 77
2 31
3 45
1 17
5 22
1 29
5 9
9 33
4 60
4 14
5 75
6 36
9 41
4 24
9 95
4 22
6 9
3 9
4 35
5 26
1 40
6 28
8 65
6 48
5 65
7 27
10 14
10 31
9 51
8 92
9 5
2 43
1 80
5 79
9 58
7 44
9 49
7 98
1 72
10 66
9 6
8 98
2 19
5 47
8 16
1 60
8 81
8 51
3 62
7 59
10 61
1 14
1 81
9 48
7 82
5 23
4 64
2 71
8 65
10 79
4 36
10 89
7 19
8 3
3 38
4 2
9 36
1 8
8 86
5 48
6 15
10 1
9 6
2 59
7 74
6 99
2 23
6 71
4 10
8 31
7 87
5 95
8 95
9 59
5 13
6 96
9 99
1 41
5 58
6 8
6 42
4 66
9 39
2 11
4 54
9 47
5 15
1 43
3 92
2 68
5 22
4 40
2 43
3 15
2 9
4 79
8 17
8 13
10 74
7 33
9 18
2 17
7 83
5 91
4 67
3 40
8 36
9 33
4 93
5 89
3 95
10 29
1 7
5 99
2 14
8 8
4 93
1 20
6 43
2 15
6 72
3 2
6 12
3 2
5 38
6 0
8 14
10 44
1 19
10 44
6 20
2 58
2 47
10 12
4 12
2 38
1 98
7 100
5 6
8 22
10 63
1 100
9 52
7 100
8 94
4 46
6 67
6 61
10 87
1 1
7 55
5 52
2 21
6 50
9 68
2 1
6 40
10 85
9 71
7 78
8 86
1 65
2 39
6 9
9 28
10 4
1 91
5 25
3 76
6 39
6 62
2 77
3 80
6 30
10 78
1 89
5 40
3 52
8 84
7 48
2 0
9 69
2 100
6 54
7 42
2 96
3 53
9 78
5 25
5 59
1 92
1 48
1 44
4 34
4 100
5 20
10 78
7 28
10 24
1 11
1 92
5 48
1 2
5 63
1 4
10 18
8 13
10 34
10 55
7 47
8 5
8 38
6 99
10 38
6 84
6 52
3 23
1 37
3 23
1 86
10 52
6 60
9 45
1 65
9 32
2 43
7 68
10 28
3 16
3 24
1 27
10 98
1 61
10 41
6 3
7 23
2 94
9 34
2 84
8 97
4 55
6 14
6 55
2 31
3 45
6 58
6 51
9 44
2 35
10 40
2 1
1 32
3 49
10 91
6 68
10 41
9 77
8 52
1 21
6 84
1 61
5 4
10 67
9 3
3 87
3 26
9 7
5 30
1 27
10 39
10 42
8 30
2 69
3 86
7 16
7 39
7 80
6 85
1 61
4 16
6 57
9 81
5 24
2 58
9 80
6 42
8 11
8 45
4 5
3 7
4 90
8 2
10 50
6 56
6 79
5 23
3 25
5 100
10 11
7 15
5 64
6 84
5 92
6 73
9 4
2 95
4 5
1 91
2 13
8 52
9 46
6 29
9 22
5 69
8 70
1 39
10 95
2 75
7 15
10 9
7 51
6 79
4 1
4 23
7 73
1 2
3 4
10 49
3 53
4 75
6 96
2 39
4 51
2 28
1 43
1 35
7 46
1 39
7 60
1 88
5 47
4 42
6 47
8 63
3 87
6 56
1 8
5 94
1 41
6 0
4 79
2 30
5 38
8 56
9 40
4 21
1 54
8 95
2 80
6 72
4 88
8 84
4 20
2 1
1 86
6 10
5 63
4 9
10 1
7 82
3 21
3 58
2 20
1 15
4 31
9 67
8 7
10 36
1 81
8 27
3 64
1 45
4 97
10 20
2 45
10 54
8 74
1 14
7 7
10 72
9 82
3 14
3 86
7 51
4 18
7 60
7 64
3 19
6 31
5 18
4 55
8 27
10 72
2 75
10 33
3 79
10 17
10 73
8 39
3 75
4 87
6 7
1 70
6 82
8 84
3 42
7 24
2 85
8 50
8 57
3 0
5 45
5 22
6 15
4 10
6 66
7 5
8 69
3 36
6 63
9 66
3 21
4 42
9 59
7 41
7 38
5 36
7 27
8 60
1 62
5 72
6 71
8 17
5 38
10 77
9 99
6 65
2 87
4 25
5 12
8 22
10 59
6 71
9 37
1 13
7 34
9 44
2 58
4 93
4 96
7 56
8 92
6 19
7 33
7 54
2 99
7 3
8 48
4 4
4 42
2 89
9 92
9 23
10 37
10 27
9 64
4 32
8 100
2 76
4 44
10 60
9 76
1 48
1 59
7 15
4 91
8 32
10 47
1 68
10 28
6 48
1 60
9 3
8 72
10 55
6 46
4 25
8 64
10 61
10 58
8 12
2 87
1 30
10 70
2 45
4 54
7 23
9 65
5 18
6 26
8 44
10 97
2 81
10 32
3 82
7 89
1 36
6 70
5 35
6 66
7 37
6 92
2 76
6 23
3 5
6 85
10 61
9 31
5 19
4 75
2 22
4 32
3 4
8 20
3 25
3 4
9 16
6 87
8 42
3 33
8 90
4 40
3 54
8 85
7 49
8 15
8 20
7 91
4 6
9 74
3 87
8 59
10 81
1 9
5 95
7 61
2 43
10 4
1 30
4 46
3 55
4 24
8 61
10 43
7 91
6 58
8 34
3 66
10 52
9 42
10 14
10 84
3 11
3 62
6 39
5 14
6 15
4 62
9 59
7 26
7 81
2 24
3 60
2 96
9 33
7 2
10 31
8 72
6 13
9 79
9 12
5 92
5 75
2 33
10 14
8 29
10 64
8 68
9 53
3 14
5 3
8 5
3 36
4 50
5 17
7 93
10 78
10 91
10 96
6 65
8 62
10 4
3 11
9 9
5 90
3 92
7 86
1 91
10 80
6 95
2 97
5 5
8 87
8 51
8 85
6 96
5 96
2 70
6 13
6 40
10 0
3 30
7 13
2 94
7 67
1 76
7 23
6 78
4 34
3 76
2 84
10 51
9 53
9 60
10 98
7 31
2 38
2 29
5 12
5 31
2 73
8 90
2 54
4 98
2 62
7 52
3 21
6 82
8 85
6 8
10 6
5 98
8 73
3 41
5 91
9 68
9 51
9 70
9 44
10 51
8 61
7 63
10 23
7 93
2 97
4 5
3 59
1 5
4 75
3 95
2 4
5 64
10 5
5 84
8 75
8 3
4 58
2 39
9 5
2 74
9 94
8 89
8 73
3 39
9 100
6 93
9 95
4 49
5 75
5 57
9 28
6 71
6 6
3 38
2 79
5 60
1 72
6 87
7 28
3 37
5 3
4 89
4 2
3 68
5 34
3 82
9 27
7 77
8 6
8 70
1 64
1 45
7 86
6 76
1 47
6 23
5 13
2 13
4 99
7 3
6 9
3 9
7 43
1 20
8 97
5 34
3 57
2 44
3 53
1 51
10 78
4 39
5 55
8 55
1 71
5 42
2 100
6 38
9 44
10 55
8 79
5 91
3 95
3 6
2 35
2 100
5 66
10 51
9 83
6 10
9 5
7 35
7 95
3 13
1 19
8 76
10 81
3 84
8 83
4 11
5 54
8 75
5 44
5 24
5 62
8 15
3 68
8 55
7 36
6 98
5 67
5 60
10 53
7 4
1 31
9 60
1 7
1 60
2 29
7 36
2 83
2 80
1 4
9 1
8 5
2 34
5 10
7 72
6 68
4 29
5 86
3 5
3 65
2 99
2 12
6 58
1 1
8 29
1 8
8 16
10 55
2 22
7 51
4 19
1 4
6 76
2 36
9 38
4 76
5 82
2 46
4 0
6 8
9 95
5 5
5 78
9 83
7 57
5 39
10 65
4 15
3 24
1 41
10 67
5 5
6 20
6 4
6 45
2 45
2 35
2 34
3 89
5 15
10 84
6 77
10 44
2 45
10 66
7 77
10 23
6 70
1 61
8 4
7 99
3 35
10 39
9 56
1 47
5 83
4 3
3 93
6 35
4 99
3 49
4 86
6 81
6 14
1 27
9 16
9 30
4 16
9 32
3 79
3 92
3 48
1 23
6 76
2 91
8 52
3 20
9 4
4 36
1 34
10 52
1 32
6 33
3 80
7 73
8 19
7 28
7 33
7 71
4 83
9 85
1 9
10 56
3 42
3 86
10 6
2 6
1 84
3 96
9 99
6 58
1 4
3 88
7 19
4 98
6 60
7 60
10 82
6 22
8 86
3 16
9 5
6 57
1 73
7 57
10 16
10 98
9 48
1 43
9 92
2 82
1 61
4 1
8 86
1 0
7 98
3 93
10 46
9 44
6 6
9 53
7 1
6 26
4 45
8 10
10 82
9 5
8 53
5 2
1 9
5 1
10 43
5 95
6 85
1 19
9 80
7 89
3 8
2 86
5 10
1 67
3 15
6 14
5 32
1 84
9 78
1 30
8 96
3 41
9 52
5 7
6 35
3 29
6 91
5 7
9 14
9 41
7 14
6 52
10 11
8 86
10 58
1 56
1 73
2 85
3 85
4 45
4 100
1 20
10 74
9 89
3 89
8 37
8 10
8 20
10 19
10 64
6 85
4 38
3 64
7 6
9 63
4 72
2 76
3 20
2 39
8 3
1 25
4 57
8 97
5 16
10 22
4 9
4 9
9 74
7 10
6 49
10 77
2 12
2 62
3 15
4 48
9 40
10 66
7 99
7 65
7 37
7 68
2 33
10 35
6 72
6 63
6 10
4 85
2 77
10 21
1 65
10 53
3 15
4 5
1 41
6 70
3 100
6 54
5 35
2 55
4 15
1 82
1 64
1 99
4 79
7 32
3 33
9 100
2 29
9 29
10 11
3 0
1 41
7 32
1 61
8 67
3 78
10 94
8 3
4 12
4 62
8 5
10 71
7 94
7 60
10 50
6 71
5 10
1 10
10 35
10 22
1 95
4 49
8 4
6 80
8 14
7 83
8 30
7 96
6 21
4 37
1 29
1 87
9 82
2 2
2 54
4 71
6 85
5 41
8 69
4 51
3 62
5 75
2 97
6 69
3 2
5 16
7 38
7 57
3 6
8 98
4 65
10 65
10 56
3 91
1 11
2 73
4 77
10 43
7 97
8 5
2 100
7 87
10 56
5 35
9 27
9 51
1 22
7 68
5 50
9 12
7 88
9 93
6 47
9 92
8 36
7 72
9 72
5 100
1 4
10 75
3 73
4 49
9 79
9 93
4 61
1 95
3 23
10 69
10 94
10 84
8 41
6 63
7 34
7 31
7 75
8 0
2 55
8 24
6 0
10 21
3 85
3 40
4 51
7 47
8 26
1 58
7 87
7 90
10 16
1 6
3 49
1 7
6 69
9 46
10 12
7 66
5 16
1 21
1 47
2 74
6 45
5 7
9 100
9 60
9 50
7 9
2 57
4 85
6 16
3 41
3 71
5 2
4 99
3 58
7 43
6 94
3 48
1 76
5 50
5 70
9 47
5 66
2 49
1 9
7 71
9 26
5 23
9 15
7 51
7 21
1 77
6 90
8 19
1 46
2 81
8 20
2 3
9 56
9 35
1 99
9 78
4 19
2 9
9 53
9 5
9 51
10 41
4 77
9 75
3 77
9 9
10 90
3 80
3 76
1 83
7 100
3 26
2 4
9 2
3 43
10 93
3 80
10 33
8 25
6 53
9 47
6 27
9 72
2 67
10 88
5 32
10 53
9 18
7 1
5 36
3 56
6 46
6 56
6 5
8 9
10 40
2 56
7 100
1 52
4 52
7 84
9 30
9 81
7 83
6 32
5 27
9 61
1 48
8 39
10 77
6 78
4 61
9 2
3 23
5 77
8 76
6 93
2 8
8 31
6 63
4 53
4 4
8 50
9 99
1 27
9 91
9 16
7 83
2 17
8 15
7 18
9 26
9 99
2 22
8 13
7 20
2 75
4 2
6 27
9 34
3 18
5 33
10 18
5 46
4 32
6 6
4 41
8 63
5 61
4 8
6 65
3 93
6 76
6 4
3 22
6 99
4 75
1 53
8 34
8 61
6 27
3 12
6 32
10 66
4 18
5 12
1 40
2 52
9 88
8 25
10 13
1 68
2 74
2 40
3 58
8 62
5 74
5 4
3 35
10 92
2 17
8 3
1 45
4 65
1 14
7 15
10 25
1 81
10 17
7 34
6 14
7 87
1 75
2 82
6 21
7 21
3 27
8 16
8 44
5 23
10 25
10 92
10 63
2 86
9 79
3 63
7 68
9 45
7 67
5 31
6 81
10 16
5 90
4 98
7 25
7 100
4 61
9 41
1 2
5 53
2 62
3 14
2 71
6 19
1 5
6 69
4 57
5 57
10 79
3 44
5 49
8 75
7 61
3 44
5 90
1 74
8 93
8 46
6 99
4 30
10 52
9 67
8 31
10 34
6 80
4 33
9 57
5 95
1 34
3 23
4 41
8 78
2 89
9 10
4 58
3 66
7 14
3 2
8 98
7 0
2 66
5 78
6 27
2 58
6 89
1 41
3 97
6 54
1 38
7 87
6 62
9 44
1 51
1 31
1 67
7 75
8 11
8 92
6 89
1 87
6 7
8 46
8 82
8 95
8 31
8 77
1 47
1 33
9 78
3 55
1 71
5 31
7 25
2 17
4 34
6 40
9 37
6 22
9 26
7 34
2 70
5 46
1 100
4 32
8 14
7 66
8 51
2 94
9 24
10 95
10 28
3 18
7 67
5 94
8 12
10 72
9 39
3 63
7 49
4 0
7 46
6 21
7 77
10 94
10 77
10 3
1 67
9 61
8 4
1 33
9 41
3 92
5 92
1 13
2 24
9 25
9 83
10 40
3 98
3 77
3 36
7 71
4 41
3 52
6 53
3 14
10 15
5 32
9 8
3 75
5 26
5 54
3 27
8 3
8 75
8 90
1 37
10 24
7 24
5 82
6 76
4 38
9 38
5 99
5 85
2 22
5 79
4 24
7 91
2 49
5 90
2 12
1 26
5 38
3 95
5 44
2 89
9 52
10 34
8 0
3 39
5 21
4 75
2 91
3 18
2 69
10 28
1 35
2 99
10 28
9 17
2 3
3 77
1 82
6 58
7 64
2 49
6 63
5 35
6 72
10 65
4 22
10 56
2 47
2 44
7 62
10 2
1 9
10 9
2 25
9 99
9 10
4 5
9 17
8 60
4 57
10 51
10 27
4 28
5 2
5 58
3 20
6 80
2 87
10 67
5 16
7 36
3 16
7 19
1 98
6 86
4 92
2 77
10 43
8 8
4 44
7 68
4 45
4 17
3 85
7 30
3 74
2 32
7 57
3 19
6 4
8 18
6 82
9 52
1 7
4 23
9 3
8 82
4 89
4 85
9 12
8 18
5 5
6 67
7 87
1 44
10 16
8 44
2 30
8 73
6 95
7 32
9 17
3 38
7 91
4 98
8 64
8 33
7 0
8 78
8 42
5 64
3 50
3 59
7 38
6 85
3 78
6 56
3 12
9 88
4 0
3 48
6 10
1 87
2 1
9 99
10 24
1 63
9 49
3 21
6 98
4 92
6 82
8 60
7 5
6 41
1 69
9 38
8 15
6 43
7 4
1 66
4 1
9 6
6 20
1 85
8 60
9 34
8 97
7 21
6 95
8 96
1 41
4 82
1 28
2 100
6 39
7 89
4 53
3 72
1 85
4 39
4 75
5 53
9 8
2 31
3 4
8 43
8 78
8 82
2 51
8 42
4 22
2 33
6 51
9 30
10 45
9 3
10 10
6 75
4 55
3 53
10 45
4 57
7 10
9 90
1 38
4 56
8 16
4 48
2 85
8 58
5 94
3 51
8 5
1 70
8 100
7 90
10 22
7 6
6 40
1 0
4 31
4 18
2 10
10 32
4 37
8 86
3 55
5 64
4 35
5 94
5 85
10 10
6 98
2 73
9 93
7 6
4 91
10 74
2 11
4 0
7 42
7 66
2 12
10 44
5 70
4 36
10 1
6 42
2 32
9 46
10 15
8 12
6 45
7 71
1 59
1 11
4 0
10 89
6 94
3 6
7 11
4 99
2 7
6 94
2 51
7 29
4 61
10 64
6 83
6 49
4 48
5 47
2 77
6 43
9 87
6 2
3 61
5 16
2 74
10 71
8 89
1 99
4 63
7 33
7 22
2 90
1 20
7 1
4 30
8 85
3 32
9 79
3 60
4 47
5 88
5 37
2 60
4 43
7 19
5 35
8 0
1 85
3 68
5 1
4 98
10 97
9 53
10 10
2 0
7 9
1 91
9 12
10 65
6 20
4 51
6 0
5 59
8 72
1 17
3 33
8 88
2 87
2 87
1 46
2 94
3 40
7 65
5 100
4 0
1 73
8 12
1 98
3 0
7 61
8 69
8 42
8 22
6 58
7 34
5 54
5 41
10 45
4 77
10 68
8 55
8 32
4 8
9 10
3 42
4 16
3 2
1 64
8 48
6 12
4 63
8 24
7 3
6 29
7 57
5 26
3 72
2 16
6 83
9 58
4 80
4 12
8 9
8 22
8 2
9 58
9 74
6 58
6 47
8 25
8 2
8 77
9 19
2 36
5 44
8 96
9 87
3 5
1 88
4 46
5 96
9 11
9 1
5 2
1 0
1 55
6 48
8 97
10 90
1 0
6 27
10 19
6 73
8 86
10 96
3 12
10 48
7 61
6 32
9 63
7 80
4 39
9 16
2 62
6 45
8 6
3 9
4 36
8 64
6 23
7 73
10 2
2 40
7 60
7 60
5 48
5 63
5 97
2 23
7 80
6 92
7 47
10 100
6 42
10 24
5 47
4 12
3 12
8 22
9 21
1 15
6 57
5 1
1 98
3 72
2 80
9 82
6 40
2 34
5 48
3 94
3 97
3 32
5 5
4 75
8 34
10 97
3 46
4 22
3 79
7 68
10 85
9 70
8 33
7 68
2 22
9 20
2 58
3 10
8 80
9 55
8 76
3 42
4 28
3 72
3 5
8 35
6 44
6 65
6 28
1 46
2 59
2 86
8 78
8 58
6 84
10 48
4 4
7 1
4 77
4 29
2 81
10 93
2 25
2 65
1 12
8 71
7 58
2 55
5 69
10 65
10 6
3 39
8 54
6 9
10 94
9 24
6 48
3 68
6 39
7 49
4 24
10 67
3 95
8 11
3 9
3 39
10 75
7 33
7 56
1 75
9 11
3 74
9 85
2 77
10 94
7 48
10 28
1 77
10 72
10 3
8 31
8 100
6 84
1 18
3 74
6 91
8 79
5 82
7 12
9 26
9 58
10 9
2 36
3 14
7 57
8 67
7 45
1 58
2 6
4 51
4 97
8 65
2 14
10 14
5 27
2 53
1 39
1 71
10 75
9 10
1 27
2 64
10 97
3 52
1 7
2 11
5 43
4 63
3 6
8 37
9 7
1 30
1 72
3 67
1 75
4 80
10 32
5 87
9 45
3 73
2 74
5 81
1 43
9 98
8 9
10 85
6 26
4 44
7 65
5 78
3 70
4 8
2 96
6 85
3 20
5 77
9 23
2 84
2 8
2 74
3 54
7 0
1 71
9 3
2 77
7 71
2 21
6 19
8 98
6 58
2 26
3 20
9 30
8 81
9 100
1 15
9 28
2 95
1 54
8 87
4 25
1 43
8 84
5 59
9 35
9 36
2 100
6 42
9 68
1 73
8 43
6 73
10 27
9 49
4 83
10 61
10 31
9 39
5 86
4 62
7 49
2 98
1 65
2 30
2 1
10 40
6 78
2 41
2 87
1 66
5 100
4 19
8 65
10 40
10 94
1 61
7 0
3 26
1 21
2 64
9 80
9 33
8 12
9 56
3 21
5 60
3 42
6 11
6 98
5 22
8 3
3 56
9 4
5 81
10 24
3 50
5 84
1 59
10 52
1 63
10 64
8 10
4 29
9 3
3 76
10 20
3 39
5 17
10 31
5 50
5 17
3 84
8 11
4 27
1 49
10 36
7 39
9 56
10 39
2 40
8 22
9 35
2 56
3 45
5 89
8 93
8 46
8 14
9 87
7 81
7 37
1 41
7 86
6 60
7 48
8 29
10 71
10 74
4 20
1 34
10 61
2 75
5 93
4 43
8 80
5 2
5 31
5 49
2 77
8 65
8 3
8 38
8 65
8 55
2 57
4 99
9 61
8 11
1 73
5 68
5 38
4 50
9 100
3 64
9 25
2 1
2 46
3 68
5 54
9 84
10 93
2 36
10 91
6 64
4 24
5 98
3 20
10 54
1 10
8 66
8 55
6 64
6 81
3 88
1 35
1 79
10 8
9 10
6 61
3 34
7 84
2 42
4 62
10 12
2 2
6 0
9 52
9 72
7 8
1 47
7 61
10 20
3 92
2 21
1 77
8 36
3 91
10 49
4 79
1 16
1 0
4 72
5 79
4 70
8 98
6 42
7 2
8 80
1 72
5 80
5 70
10 7
9 66
4 95
3 3
8 67
2 7
10 90
4 75
9 21
1 35
5 0
9 25
6 42
5 45
5 43
3 87
10 10
8 37
4 57
8 11
4 45
7 32
5 37
4 25
4 79
8 35
1 79
6 13
8 84
8 56
3 76
8 85
6 84
6 86
7 85
6 88
3 1
5 11
9 66
10 47
9 35
7 11
10 22
4 13
2 26
5 49
5 74
7 31
7 28
3 30
10 84
8 55
2 78
3 73
8 3
9 9
7 71
4 57
6 64
6 31
9 50
5 93
6 34
3 49
8 95
6 51
8 40
3 14
7 52
10 39
1 87
3 31
2 57
1 68
10 88
8 2
1 69
9 30
3 27
9 25
2 87
7 18
3 84
8 72
1 19
5 26
8 12
3 45
2 76
6 63
6 15
3 20
9 23
3 32
6 31
10 55
2 27
1 23
9 43
5 13
3 61
3 54
1 68
5 100
7 2
1 86
7 39
3 86
4 20
8 51
10 40
1 92
5 24
3 0
4 15
10 92
9 5
4 31
5 96
3 23
5 68
4 23
1 73
5 72
2 84
9 3
5 52
3 78
2 46
7 4
4 95
8 33
4 52
10 94
8 69
6 85
7 41
4 32
5 74
2 92
5 96
9 98
6 34
4 97
3 72
7 58
6 94
5 28
5 85
9 91
9 79
9 36
10 9
1 12
3 77
7 37
9 56
1 12
6 46
4 93
4 18
6 51
10 40
1 87
6 44
10 79
6 58
1 75
1 72
3 69
4 31
9 71
5 37
10 16
2 94
5 91
5 80
1 41
6 92
4 11
5 93
9 62
8 52
7 17
6 48
5 92
8 9
2 42
9 93
6 7
4 70
5 70
9 10
5 21
10 18
5 100
1 74
1 5
4 52
8 45
4 14
3 13
10 30
10 51
5 60
8 66
8 68
1 29
9 46
10 27
9 0
6 23
7 94
2 8
9 67
7 70
2 36
2 59
8 59
4 64
8 88
6 33
3 5
1 34
1 1
8 53
3 79
7 32
1 31
5 66
9 11
10 71
8 92
9 63
9 3
2 11
2 5
7 76
3 57
9 19
3 59
2 32
10 20
6 20
1 100
7 94
1 21
2 91
6 49
10 63
2 39
8 83
10 0
2 10
7 81
10 88
7 3
1 22
6 10
4 68
4 28
1 59
9 57
3 88
7 42
3 10
5 99
3 5
2 41
6 60
2 33
2 52
2 25
5 4
9 63
5 23
5 4
3 3
3 80
9 87
7 66
2 57
8 49
5 35
6 53
7 2
3 52
2 18
1 76
9 58
4 32
2 20
3 14
4 48
5 5
3 39
8 19
8 28
3 18
2 18
10 46
1 77
3 3
3 28
5 96
8 69
8 44
6 45
1 63
10 58
8 58
9 8
4 83
10 32
10 43
7 38
1 83
6 60
9 88
7 95
9 64
9 4
6 60
6 64
3 72
2 82
3 39
4 74
2 28
10 20
10 67
3 54
6 71
6 85
5 90
4 64
10 67
3 6
10 75
10 2
10 1
6 83
10 95
10 41
4 49
9 17
7 100
9 29
10 6
5 47
9 16
7 37
7 76
10 13
8 33
8 14
9 8
3 27
10 20
9 94
2 14
1 83
4 46
6 64
3 31
9 16
2 78
10 93
4 95
3 27
10 53
10 40
6 67
3 66
4 71
7 66
7 55
8 5
8 70
4 15
4 96
9 11
1 21
10 7
6 96
6 61
9 53
1 30
9 56
7 40
9 71
10 9
4 70
9 66
3 61
5 48
1 63
3 0
7 11
4 42
1 22
10 71
9 49
6 81
1 76
9 2
7 82
1 100
5 57
1 22
7 39
2 45
1 67
2 69
7 19
9 13
7 91
7 49
6 16
3 98
4 89
1 44
7 52
1 5
5 94
8 2
2 44
1 20
1 17
4 1
6 92
1 52
7 7
2 58
6 76
6 21
5 10
7 0
5 43
2 75
4 78
10 47
8 85
8 96
2 68
2 21
8 40
4 19
8 78
5 25
4 60
5 35
10 70
6 2
2 23
10 94
10 93
9 71
2 55
3 78
10 9
4 17
9 99
5 46
3 59
10 61
2 85
1 22
6 88
5 25
1 15
10 99
8 93
1 63
7 42
8 31
10 63
10 0
1 11
3 58
2 52
5 93
6 55
1 5
3 76
10 12
3 54
10 23
1 68
4 95
1 54
9 29
8 75
10 85
1 15
8 35
3 8
9 82
1 12
5 87
9 57
10 9
3 6
1 57
2 27
1 99
5 12
7 47
10 16
10 37
1 83
8 14
6 85
8 4
7 32
4 21
4 34
6 28
7 83
4 56
8 41
2 68
2 50
4 43
1 33
10 84
8 15
6 15
3 0
1 37
4 93
9 90
4 5
7 71
8 6
7 20
2 65
1 23
3 76
8 79
7 99
10 23
4 93
5 38
3 63
3 45
3 36
5 45
2 69
6 13
6 51
9 23
9 60
2 12
6 13
1 78
6 93
10 3
5 32
2 41
1 3
10 88
10 37
10 71
8 61
6 54
9 45
10 92
3 28
6 33
2 59
7 2
9 25
2 37
1 49
5 1
5 31
10 57
7 97
7 84
6 86
10 31
10 81
3 58
9 44
10 70
2 37
2 96
10 85
5 34
8 89
9 81
8 52
10 48
8 45
1 65
8 11
1 81
5 77
7 72
8 71
8 69
1 30
4 19
10 88
3 52
1 62
2 41
3 29
3 95
3 30
10 100
2 45
3 18
10 32
5 23
4 50
8 38
10 50
10 76
9 68
3 26
6 61
2 85
4 49
2 16
10 82
6 5
4 9
6 19
5 79
10 79
6 27
7 87
9 20
8 36
2 10
9 88
10 17
9 81
7 4
3 35
1 2
4 40
6 54
8 77
2 41
1 90
10 21
10 68
6 49
9 31
8 41
1 7
4 93
4 2
7 93
2 50
10 75
10 20
4 15
5 4
7 63
4 48
8 84
3 37
7 95
10 4
8 19
2 8
2 97
2 28
10 29
9 36
9 95
7 82
1 7
7 20
3 32
1 88
5 86
7 89
3 20
7 63
6 88
1 56
7 73
2 15
9 20
8 17
3 47
8 10
10 70
9 74
8 54
10 70
10 81
8 57
10 55
10 64
1 38
8 58
7 68
3 67
5 51
5 46
4 74
4 68
9 53
9 12
10 66
4 60
2 35
6 95
10 97
9 31
2 14
2 2
7 93
6 49
2 9
10 74
2 51
9 72
6 24
5 80
4 47
6 48
9 62
7 3
9 44
4 26
1 85
3 73
3 38
1 60
9 10
8 20
8 25
5 60
9 76
9 53
9 73
3 53
9 54
10 13
8 53
8 45
7 92
9 35
1 20
4 28
1 5
1 68
1 6
8 96
7 30
4 70
1 32
2 0
2 55
10 17
7 57
10 55
5 35
6 6
9 47
5 33
9 3
2 48
9 71
10 95
7 83
8 0
4 2
3 48
5 29
5 6
7 63
2 66
2 88
8 97
7 91
5 91
2 2
9 9
3 50
5 49
5 56
2 0
4 65
4 40
3 40
10 38
10 97
1 9
9 21
3 19
7 17
10 99
1 69
4 5
1 8
9 52
9 35
4 72
7 52
3 94
8 88
10 52
1 51
7 13
2 53
2 49
10 50
8 81
10 94
10 14
8 22
10 54
1 90
6 42
10 39
3 26
9 18
9 46
4 90
6 80
9 100
10 53
7 58
8 56
7 15
7 94
2 67
2 15
8 54
7 60
1 76
3 40
1 78
7 40
9 48
10 4
4 70
9 94
3 9
2 85
2 77
7 86
8 74
1 40
7 93
2 38
5 24
10 51
9 6
9 53
9 90
8 69
5 70
6 64
3 10
6 34
8 93
9 74
7 22
3 55
7 97
5 40
8 99
4 11
4 20
7 81
7 35
4 30
3 25
6 57
7 9
8 21
8 13
7 64
4 3
2 73
10 5
6 3
8 21
10 91
4 54
3 25
10 70
7 88
3 45
1 3
7 40
1 77
2 7
7 25
10 2
8 30
6 2
9 43
1 78
2 96
10 57
9 25
10 67
1 57
2 13
1 58
1 15
5 14
5 13
3 47
8 97
2 83
4 49
5 93
5 54
2 23
5 0
5 22
10 78
1 23
5 78
6 85
7 82
6 53
5 22
4 51
9 86
10 58
7 13
2 74
9 48
5 74
10 98
7 26
7 73
2 32
8 20
10 56
3 66
9 51
4 8
10 97
1 24
7 64
5 74
6 89
8 12
3 3
9 5
1 93
7 92
10 42
8 19
10 48
6 0
8 75
9 72
9 64
8 73
7 17
9 17
9 86
10 70
3 78
8 50
5 8
4 34
8 77
9 88
1 29
8 79
1 44
8 39
6 39
7 91
6 34
8 28
6 69
6 75
5 2
7 79
4 36
7 33
2 98
4 1
8 14
5 70
10 86
10 13
5 67
2 58
5 87
7 66
1 47
1 21
8 75
7 25
1 33
1 82
3 41
5 77
8 71
2 23
3 58
4 19
3 88
1 23
10 38
2 33
6 13
3 75
2 63
3 66
5 72
5 57
4 64
1 28
3 19
10 86
3 54
1 78
1 13
7 42
8 82
8 36
4 82
7 55
10 55
9 17
10 98
1 78
5 89
1 27
7 84
2 90
9 8
9 17
8 66
3 63
9 4
2 34
3 33
1 32
10 16
2 40
3 62
4 99
1 60
10 25
3 52
10 1
4 23
7 24
8 92
10 47
5 54
3 57
4 12
8 95
8 16
8 32
1 4
3 51
5 49
6 48
7 94
3 65
4 48
10 75
1 29
9 26
8 69
8 63
10 37
3 65
10 62
3 49
8 70
2 4
10 16
2 46
6 28
3 18
4 52
5 38
1 19
6 37
4 52
1 83
3 11
1 86
10 43
5 86
7 28
8 86
4 88
2 57
9 73
10 76
10 4
1 94
6 89
7 49
8 84
9 5
9 19
2 43
5 54
8 13
9 79
4 38
7 98
10 53
2 77
2 21
9 35
4 8
7 0
4 64
6 45
6 48
6 4
9 41
8 18
2 70
2 87
2 76
9 54
10 42
5 94
8 20
6 33
8 97
6 91
3 74
3 2
10 66
4 42
6 28
8 56
2 61
8 11
10 8
3 72
8 88
6 60
7 66
2 88
10 77
3 98
2 93
2 67
8 33
1 30
5 73
6 8
1 80
8 53
6 9
3 7
5 28
7 74
10 29
7 41
9 61
2 65
2 43
2 55
5 45
1 23
4 94
8 51
10 10
6 6
4 82
10 38
4 82
4 19
2 85
4 26
10 77
1 27
3 65
6 45
9 32
8 66
6 44
5 0
5 22
1 68
1 87
9 27
6 58
7 70
4 35
4 93
7 19
1 68
5 47
5 87
2 72
2 27
3 71
9 93
10 86
2 67
7 78
3 6
2 63
8 9
4 7
10 88
6 0
1 67
8 44
2 25
4 0
6 87
4 46
8 78
2 35
2 9
3 20
6 38
8 12
1 38
4 19
8 19
9 43
1 62
5 3
8 86
6 15
3 9
1 77
6 16
7 29
10 25
2 73
10 87
6 14
9 1
7 24
5 36
7 63
6 14
2 78
6 40
3 62
9 70
10 25
7 98
5 73
6 87
4 42
5 89
5 46
5 88
2 70
9 31
10 32
4 72
4 97
9 87
6 47
3 34
2 21
5 87
1 66
5 35
8 6
10 53
10 24
1 0
9 80
6 1
2 16
9 33
8 22
4 16
10 60
10 85
8 41
6 26
3 5
1 52
4 5
9 9
7 53
2 31
7 86
6 78
8 36
2 34
9 96
7 11
3 8
2 7
9 3
3 27
3 43
6 26
3 21
2 10
9 1
6 9
2 12
3 95
5 73
8 35
3 64
3 99
9 31
2 75
10 16
3 29
10 27
9 11
10 70
3 95
3 58
1 87
2 77
1 57
5 57
1 59
7 22
1 64
5 98
10 39
8 79
7 37
5 8
1 100
3 2
2 46
2 51
7 18
2 52
6 38
6 23
1 60
8 37
4 39
1 89
1 57
6 17
4 26
1 95
3 30
6 58
6 81
2 87
10 7
4 95
6 37
3 27
8 88
10 47
2 81
9 93
8 68
2 85
1 33
8 45
2 54
8 74
3 24
9 93
8 38
1 2
2 61
8 92
3 19
2 15
6 76
8 19
3 24
5 20
3 98
1 35
9 94
10 72
4 80
6 62
1 8
3 67
1 12
5 6
5 1
7 74
3 14
8 73
9 50
8 46
4 13
5 41
2 67
3 69
5 21
3 58
8 25
2 30
3 70
7 26
6 30
4 25
10 4
1 86
4 2
1 73
8 38
10 12
8 76
10 33
10 33
5 69
10 2
7 29
4 50
2 53
1 48
10 91
1 19
4 58
9 5
2 33
1 45
1 33
4 59
10 52
1 18
1 51
6 55
5 50
9 11
5 39
10 43
10 27
6 41
5 57
4 78
9 90
10 47
3 12
2 71
10 64
2 18
10 54
3 6
7 38
10 34
5 48
1 98
7 2
8 81
5 56
5 42
6 50
5 19
3 59
2 43
8 58
5 91
2 95
10 84
8 34
2 21
3 30
1 38
9 82
2 54
8 46
9 0
4 25
3 69
4 65
6 94
8 25
4 92
4 55
10 75
4 2
3 29
6 3
8 36
3 32
10 96
8 34
8 53
3 36
9 48
10 0
8 81
4 33
8 62
2 42
2 91
7 97
9 68
2 74
5 87
10 62
10 85
3 64
2 27
1 84
1 75
7 26
8 84
2 58
5 33
3 1
10 0
8 65
2 0
6 35
4 96
3 14
8 84
4 73
3 5
3 84
3 53
10 96
9 70
6 44
7 8
2 66
7 97
1 4
1 41
7 76
9 9
2 58
4 56
8 55
6 46
3 34
5 32
1 21
9 28
3 87
1 36
3 57
7 49
9 46
10 39
2 67
7 68
4 31
9 63
3 33
5 86
1 33
7 70
5 63
2 52
5 0
6 87
5 62
2 15
9 26
4 23
2 45
10 3
1 4
4 84
3 7
5 59
2 97
6 73
9 58
6 100
10 90
6 13
10 44
6 46
3 51
6 23
1 98
10 16
9 34
7 61
1 23
10 67
8 29
4 0
1 25
8 26
3 11
5 11
6 39
10 26
1 65
8 17
8 68
4 73
6 15
5 27
10 61
4 7
5 28
10 89
8 42
4 95
9 15
9 94
9 33
3 32
4 28
6 32
8 61
3 35
6 9
10 29
3 83
8 48
10 21
8 27
9 17
4 45
10 13
6 90
3 8
3 53
2 79
4 26
1 93
3 89
4 44
7 47
9 15
3 39
7 64
4 2
1 96
9 91
2 16
5 79
3 40
1 79
4 80
3 89
3 48
2 0
7 22
5 26
10 34
4 24
9 4
6 35
3 17
2 56
5 75
5 53
1 69
9 96
1 63
3 47
3 33
8 13
3 12
2 90
2 45
5 25
10 79
2 61
7 0
8 15
10 61
7 76
10 39
5 11
6 46
2 6
1 7
10 62
5 35
6 24
9 63
5 31
10 94
6 28
4 51
3 77
8 62
10 26
7 28
1 14
5 43
2 71
1 48
8 57
5 55
8 100
4 4
7 68
7 78
9 13
8 33
6 34
5 87
10 10
10 65
4 12
5 1
1 31
9 67
10 90
2 35
6 77
1 81
9 88
8 9
6 38
10 1
7 86
7 22
10 0
2 15
8 80
6 8
6 58
6 53
9 86
3 79
2 50
6 94
1 4
6 22
10 96
7 22
5 17
9 68
9 22
7 70
6 18
5 54
6 82
7 41
2 91
3 82
2 32
10 2
9 99
9 59
4 40
9 5
8 71
3 98
1 84
4 40
1 52
1 81
8 65
6 67
1 75
6 44
1 67
1 17
10 48
9 79
6 43
3 77
3 46
6 13
4 65
1 65
9 86
1 52
8 57
4 60
5 11
5 98
4 10
6 84
2 84
6 11
7 98
2 25
1 25
5 93
3 61
5 76
9 19
10 60
8 24
10 12
10 26
3 7
4 61
5 89
10 52
1 51
6 80
10 20
9 24
8 2
4 77
3 26
4 61
1 72
2 76
6 53
4 20
9 70
10 13
1 18
4 22
1 27
9 63
6 61
5 25
2 28
6 86
7 10
8 45
10 100
1 81
2 31
9 54
8 51
6 82
3 100
4 34
10 72
1 53
6 59
1 29
5 32
8 2
8 33
7 43
6 43
5 46
2 46
6 95
7 43
9 5
8 47
3 1
3 14
9 79
4 48
4 83
6 38
9 77
6 95
3 63
10 26
6 59
4 73
3 11
6 97
8 32
7 54
6 49
10 47
5 61
10 6
2 74
2 18
9 6
5 66
10 17
1 2
2 21
5 16
1 95
2 37
2 26
4 49
5 55
5 45
5 15
3 17
8 13
7 26
3 20
2 22
9 98
4 47
2 80
5 63
1 11
2 8
7 82
8 13
2 29
6 13
2 99
2 11
7 1
9 28
9 18
7 85
9 69
5 16
2 88
9 72
2 43
8 25
5 68
7 15
3 71
7 68
3 3
9 65
8 86
2 84
1 30
4 26
1 17
4 35
5 94
1 35
8 15
7 66
6 42
10 88
10 3
1 50
9 29
8 63
5 29
8 36
2 82
7 9
9 6
8 39
5 81
2 77
1 66
8 85
4 54
6 70
10 98
6 50
7 7
6 73
5 91
4 94
8 35
2 69
10 10
9 38
1 5
5 21
9 45
5 94
10 37
6 35
6 53
1 3
8 82
9 49
5 27
5 28
8 76
8 13
2 80
1 1
1 69
2 67
5 8
8 65
10 93
6 68
4 40
5 47
10 60
2 6
10 78
5 79
9 79
4 72
7 44
2 52
8 67
8 32
9 72
3 15
7 84
4 54
4 83
1 94
7 83
2 75
6 73
5 63
9 7
1 38
10 55
7 56
9 34
1 94
6 82
6 79
3 31
10 26
10 44
9 74
2 3
6 95
2 57
3 85
1 4
4 39
7 0
3 17
3 42
6 27
1 96
6 13
3 6
4 69
9 46
7 95
10 75
3 73
8 3
2 93
4 82
3 97
8 18
10 23
2 20
5 35
5 29
1 99
8 2
1 91
2 34
5 24
8 18
9 83
5 12
5 93
1 89
4 45
1 36
4 80
7 0
10 79
2 73
10 74
7 19
9 53
4 97
7 87
3 87
9 32
9 2
8 92
6 85
5 54
9 6
7 38
7 81
9 100
8 6
2 49
3 53
6 25
5 27
5 36
10 73
5 91
8 96
1 91
8 30
1 76
9 27
6 31
3 81
8 68
4 44
5 35
1 53
3 94
5 18
5 98
7 16
5 72
5 54
2 33
7 79
7 96
6 8
9 98
6 42
1 15
6 40
8 46
5 38
8 55
8 92
5 21
5 52
1 24
7 6
9 38
3 71
1 82
4 67
6 48
2 92
3 2
8 16
10 83
9 6
1 7
4 7
5 46
4 46
9 85
10 35
6 27
4 7
5 38
1 13
10 88
7 96
5 39
9 99
10 90
10 92
9 90
1 94
1 81
9 74
6 26
2 9
1 100
2 37
7 18
1 41
2 5
3 87
7 29
3 95
10 67
10 37
6 99
8 82
1 4
8 97
10 82
10 80
9 78
4 89
8 98
2 79
7 78
10 38
4 29
6 14
2 20
7 92
4 93
8 1
4 29
4 36
2 48
10 9
3 20
10 4
9 18
7 99
3 33
7 94
1 5
1 23
4 20
4 44
9 75
3 89
10 22
7 14
10 8
2 93
1 54
1 4
3 26
6 10
4 35
2 91
7 69
9 53
9 64
10 75
2 77
10 66
5 31
9 41
3 94
3 38
2 79
8 99
1 66
4 91
9 86
4 88
7 91
10 98
8 28
7 14
10 17
5 27
8 68
10 91
4 63
2 31
2 3
9 81
5 11
2 19
9 16
8 22
6 47
3 41
4 94
9 50
1 67
3 100
3 1
2 48
8 61
4 18
1 26
4 25
10 54
8 74
9 27
6 76
2 39
6 9
6 61
1 54
9 56
1 49
9 20
7 1
2 75
10 71
10 86
8 100
10 22
4 13
8 59
3 27
3 3
10 51
4 71
3 98
2 15
5 21
8 67
6 12
2 59
2 29
3 7
9 98
6 66
8 67
7 9
7 33
9 51
3 76
2 22
4 80
9 73
10 43
1 56
1 87
10 23
1 44
7 83
4 32
1 32
9 57
8 56
1 91
8 27
6 73
8 27
1 27
4 5
4 38
3 9
5 75
10 68
2 66
8 30
4 71
2 99
6 5
8 96
4 61
2 64
2 39
9 21
8 42
8 51
2 96
4 26
9 23
4 84
1 65
1 80
9 82
2 32
8 18
7 58
1 41
8 95
9 100
9 79
10 19
6 2
10 31
8 37
3 60
2 22
2 91
1 59
4 20
8 68
1 32
5 90
3 10
2 75
4 32
1 86
1 1
8 32
5 4
1 1
10 40
10 92
5 77
3 24
2 16
8 25
1 92
4 74
9 82
9 81
10 65
2 72
2 52
7 73
2 12
7 31
10 48
4 47
1 0
10 34
4 21
9 64
2 54
9 99
6 33
10 1
6 89
8 54
5 68
1 73
9 39
10 64
10 93
7 87
6 42
3 17
8 51
4 85
6 15
3 46
9 87
1 56
3 46
7 100
4 94
3 9
3 11
5 71
6 25
8 85
3 64
3 39
1 22
5 27
2 0
2 64
10 31
8 77
2 95
5 86
6 59
4 19
3 22
5 88
6 59
3 39
6 93
7 33
3 40
4 27
4 77
10 9
2 84
5 90
10 38
6 48
1 30
3 93
10 36
8 53
5 27
8 89
5 22
5 60
7 74
7 29
8 70
9 85
5 81
4 10
1 95
8 55
2 99
2 69
6 48
10 12
5 12
2 90
1 76
6 1
8 61
5 96
10 39
4 63
7 73
4 99
9 33
7 80
1 99
2 85
3 39
7 56
6 76
1 57
8 79
1 69
3 70
5 83
6 66
10 78
8 13
10 60
3 57
5 75
6 95
1 78
8 65
2 51
7 78
6 70
6 57
4 98
7 76
2 75
5 28
1 41
1 27
6 68
5 87
6 63
5 3
5 18
1 30
6 83
4 83
2 71
6 2
5 52
8 85
5 39
5 60
9 13
8 68
8 76
6 72
9 14
2 38
6 77
6 5
4 53
2 83
8 75
3 38
1 81
10 16
5 42
3 58
3 89
9 6
2 69
7 9
3 39
1 59
3 22
6 23
4 46
4 13
3 2
1 0
10 3
4 100
9 33
2 92
6 30
8 94
2 21
7 70
1 3
4 55
10 85
5 6
5 20
9 69
9 74
9 20
8 83
8 42
5 40
4 4
8 19
3 22
5 68
9 47
3 50
9 76
5 18
10 76
8 39
9 81
4 11
8 65
8 78
8 46
7 85
7 89
8 73
8 42
3 28
2 13
5 63
10 77
1 53
8 74
9 97
6 26
4 38
1 86
5 11
4 30
3 41
7 83
6 46
9 51
10 69
3 76
2 6
5 94
7 73
8 41
8 54
3 23
10 8
2 64
2 40
9 5
1 0
10 2
1 3
6 85
10 58
3 21
3 24
8 37
10 44
3 15
3 10
2 87
5 21
2 1
2 20
3 20
2 52
8 68
1 50
3 97
7 89
5 9
1 53
4 20
4 40
2 71
1 3
9 36
7 55
3 6
9 64
6 4
5 47
9 65
10 19
7 46
5 34
4 43
7 17
5 31
7 10
3 12
4 72
4 38
10 37
3 24
7 52
6 4
2 48
3 60
8 35
7 95
2 97
1 83
3 84
7 22
5 73
6 79
7 2
8 54
3 3
2 41
4 26
3 59
9 8
1 63
4 24
2 34
4 60
7 24
6 57
3 33
8 19
9 5
1 12
1 28
2 97
4 42
9 56
5 4
6 28
7 16
2 74
10 83
4 2
4 7
6 42
2 35
1 23
5 16
2 34
1 39
3 39
10 1
3 97
3 83
1 92
1 51
2 60
6 99
8 83
6 93
7 9
2 18
3 34
2 52
4 78
2 63
2 93
8 88
1 86
5 59
8 57
6 71
9 22
8 70
2 67
5 26
10 76
4 95
6 5
9 35
6 78
6 20
9 85
7 95
10 14
9 89
1 91
6 55
10 56
8 95
6 95
9 72
1 25
2 42
9 58
4 11
9 61
10 0
4 9
5 82
10 52
6 75
3 99
9 76
1 16
9 40
2 100
2 89
3 70
10 9
5 0
5 25
6 96
8 29
3 100
2 72
5 84
4 85
5 93
4 3
5 54
10 33
8 56
4 20
8 10
10 36
6 95
6 61
5 5
5 1
3 91
1 78
10 20
7 98
7 39
3 6
4 16
5 65
2 67
10 76
5 40
3 26
7 13
10 52
10 60
1 72
5 62
8 59
10 58
8 91
9 50
4 96
1 0
9 15
7 20
1 42
8 22
8 52
3 90
3 3
10 90
2 69
7 37
9 51
6 8
2 95
10 75
8 39
10 53
5 33
3 38
10 11
1 2
5 63
4 84
6 67
7 60
6 54
5 52
2 20
1 66
3 17
3 35
7 78
4 41
10 38
8 36
4 53
10 6
5 64
5 93
10 73
9 1
5 67
10 44
1 74
5 92
6 100
5 38
4 56
2 31
1 66
10 52
7 34
1 89
4 73
4 13
8 50
4 60
1 39
9 21
7 19
9 10
10 79
10 38
8 79
9 86
3 62
9 79
3 22
4 54
5 49
4 21
5 10
5 99
8 54
6 34
1 10
6 79
7 34
3 49
4 80
3 79
8 84
9 55
7 99
4 94
2 0
7 34
9 68
4 69
6 87
3 74
7 35
10 62
4 32
5 0
9 23
8 63
4 38
10 85
6 33
1 97
3 18
9 70
4 99
10 60
10 18
10 45
8 72
2 82
2 38
1 11
7 88
5 81
8 93
10 93
6 97
10 71
2 68
6 9
1 98
1 63
1 88
6 35
1 19
1 88
5 43
2 60
3 90
4 55
5 46
8 21
10 62
2 15
6 26
6 49
3 51
2 90
5 17
10 25
5 88
7 15
8 44
6 60
7 76
3 92
3 33
8 84
3 55
3 23
4 29
8 32
6 72
5 51
9 8
3 11
10 56
2 70
10 63
5 82
6 91
8 21
7 66
10 0
1 51
8 46
4 2
10 57
9 29
8 72
1 34
7 58
8 40
8 44
10 28
1 65
3 37
10 92
9 78
2 41
5 6
9 99
2 54
7 61
8 58
10 69
5 37
3 99
2 100
6 38
1 74
4 82
3 14
3 40
7 81
6 68
2 13
9 40
7 85
3 52
7 35
9 41
7 16
5 73
7 26
9 0
9 74
3 17
7 57
10 25
7 99
2 96
2 63
1 72
9 67
2 48
5 16
2 4
3 84
2 6
4 80
4 7
5 29
1 24
6 15
4 47
2 51
8 100
4 87
5 28
1 80
9 97
1 27
7 93
5 13
2 35
9 57
8 88
7 36
10 23
3 37
7 89
7 6
7 2
9 36
6 20
10 40
2 84
10 8
2 48
7 89
5 20
1 63
8 31
8 8
3 59
3 18
6 51
3 70
6 82
4 6
7 71
1 55
4 2
3 28
1 30
2 87
4 61
9 40
9 12
8 88
2 24
1 93
5 84
2 11
10 99
3 13
3 5
5 12
8 36
1 77
10 29
1 69
5 2
9 97
10 24
6 46
10 93
5 59
1 9
2 6
4 82
1 65
8 27
10 64
9 24
3 92
4 77
2 28
9 20
9 6
1 73
6 86
4 47
9 75
6 58
9 65
5 87
2 43
2 39
4 13
1 19
9 47
9 8
10 100
10 2
2 75
9 12
7 61
3 98
8 5
1 41
9 61
4 52
4 59
1 54
2 37
1 4
9 20
8 28
1 78
3 15
4 93
7 89
10 21
6 81
3 67
5 24
10 76
6 38
2 72
1 67
2 97
6 65
10 64
10 45
9 41
3 71
10 19
4 45
5 12
5 33
1 51
8 44
4 20
1 53
10 2
6 64
4 53
3 57
6 97
4 100
2 2
7 6
1 54
6 83
10 65
7 26
10 71
10 75
4 83
9 98
9 63
5 21
8 57
8 16
5 65
7 38
7 69
7 8
8 54
2 77
4 71
6 45
10 7
7 43
10 65
7 95
7 58
9 72
2 26
4 33
6 96
4 37
7 0
3 7
2 74
5 20
6 72
6 85
6 40
4 91
7 4
2 54
3 50
3 70
4 39
6 81
7 60
10 86
5 86
5 44
7 65
7 60
4 81
1 94
9 19
5 56
9 25
2 54
10 11
5 8
7 62
2 72
6 66
3 3
6 5
1 15
7 74
10 23
3 8
4 93
3 32
1 93
9 2
5 6
9 50
7 44
4 89
8 7
9 69
6 67
4 16
2 89
3 81
8 81
5 58
5 49
2 45
2 6
8 71
3 42
10 14
8 81
9 87
3 78
10 49
10 89
2 49
10 43
7 54
7 34
3 47
2 85
6 6
9 75
4 49
6 38
4 86
9 59
1 0
1 96
3 49
6 12
5 36
9 50
3 76
5 60
7 62
2 25
8 43
3 40
3 9
3 75
6 33
8 47
8 52
2 85
10 48
6 43
6 71
10 9
9 61
7 1
10 23
10 97
1 16
8 99
8 63
4 55
1 34
6 61
9 62
5 98
7 25
10 64
2 73
6 81
7 64
4 91
6 10
2 3
3 17
3 27
10 29
4 59
2 76
2 62
6 1
4 46
3 59
8 24
10 92
3 45
9 9
10 80
10 66
3 100
8 89
5 60
9 42
10 11
9 76
1 58
7 59
6 89
1 70
5 40
7 85
6 92
5 24
2 8
3 69
2 88
8 85
4 47
10 90
2 36
6 68
10 90
3 26
3 92
7 41
9 92
5 93
6 2
3 2
1 22
5 53
10 82
10 45
1 88
2 56
3 49
4 38
3 28
8 39
2 49
8 58
1 78
10 83
5 47
10 97
3 42
3 10
8 7
5 54
6 58
1 29
2 66
7 75
5 49
4 37
6 74
9 0
9 98
7 82
4 38
1 78
1 64
4 66
7 83
2 37
6 37
6 27
3 83
4 61
5 91
4 64
7 20
5 96
4 57
2 54
3 62
6 13
5 23
3 28
1 28
1 25
10 23
3 46
3 100
3 25
1 47
7 27
5 15
10 60
10 23
6 100
8 24
3 57
6 71
1 90
8 79
6 100
10 87
7 31
6 36
3 10
7 74
3 27
4 59
3 12
10 100
2 98
10 31
1 28
2 51
3 65
1 79
8 30
1 71
6 13
7 21
9 99
7 42
4 77
5 62
8 73
10 10
10 68
4 62
3 18
5 70
4 71
9 0
8 51
1 35
5 81
8 21
9 42
1 29
1 52
10 46
4 100
6 63
7 83
6 72
3 10
7 13
2 62
8 70
8 92
2 87
9 66
10 49
3 89
8 33
10 51
3 78
2 22
1 0
3 32
7 55
9 5
5 18
5 75
7 90
7 71
6 16
9 83
10 62
3 79
9 96
1 33
7 20
6 62
10 69
4 15
9 95
4 6
8 23
4 85
10 41
10 38
7 71
2 76
2 31
7 73
8 60
2 17
3 5
5 81
3 30
7 25
6 54
5 46
7 19
5 29
3 37
5 86
9 71
6 54
10 52
3 75
4 99
3 12
8 39
2 91
1 81
8 88
9 95
3 37
2 93
7 43
1 76
5 31
6 66
9 35
8 65
3 95
3 16
5 21
5 67
10 59
4 49
3 63
5 79
5 74
8 7
2 20
1 25
3 57
5 9
5 16
1 41
1 83
6 96
1 78
3 72
1 67
10 46
8 21
7 82
2 28
8 83
6 56
7 63
2 55
6 54
4 26
9 64
8 39
7 34
9 35
7 49
1 9
9 43
9 2
3 20
4 79
6 92
8 63
3 30
1 2
9 6
3 99
9 63
1 17
4 11
7 53
10 19
5 63
10 24
5 82
2 30
8 79
7 71
7 77
7 95
5 5
4 84
8 40
4 4
4 19
5 57
1 80
9 98
7 89
9 45
5 94
6 65
4 67
2 86
2 47
6 68
2 4
8 50
7 15
6 91
1 3
6 66
3 22
2 3
6 39
2 70
3 89
10 12
8 82
8 64
6 57
2 9
4 62
10 76
3 44
5 42
9 16
10 69
7 89
9 2
6 10
6 3
3 23
1 21
10 42
4 22
9 42
3 13
7 7
6 63
8 62
9 69
4 23
4 88
7 91
10 45
5 33
3 68
1 49
2 92
8 15
8 87
9 28
5 35
4 70
1 60
5 62
2 9
6 95
7 45
9 32
8 8
10 8
1 2
5 50
9 40
8 60
9 49
1 99
10 5
6 21
1 19
4 48
10 51
4 47
10 59
4 0
8 7
9 9
2 15
2 23
1 85
2 65
9 70
9 18
1 27
10 44
4 11
4 48
6 28
5 92
7 83
7 9
4 65
3 16
5 18
9 34
6 77
5 24
7 35
8 0
3 72
8 54
7 67
5 90
8 77
9 43
7 0
2 9
10 13
10 64
6 96
6 29
4 23
4 43
7 87
7 90
1 66
1 92
5 82
6 31
1 37
3 11
10 25
3 88
4 61
8 14
1 90
6 44
3 95
8 32
2 99
5 10
10 6
2 56
1 97
3 48
10 51
3 37
3 56
4 78
5 97
8 75
8 82
8 71
3 6
2 68
4 48
8 2
2 50
1 21
2 71
7 32
8 35
2 55
6 39
10 84
8 2
9 54
9 57
5 15
10 33
6 82
1 32
2 58
6 73
7 83
3 92
5 80
5 30
2 91
8 86
10 41
7 73
9 80
3 95
9 3
8 11
3 85
9 10
8 90
7 32
9 52
4 10
3 92
3 69
4 17
6 91
6 22
1 19
5 97
1 73
5 59
3 51
10 12
9 96
8 32
5 23
4 85
5 86
4 59
1 68
10 14
10 53
8 1
4 12
10 11
4 19
2 60
6 27
10 99
2 88
1 59
7 33
7 88
10 4
9 36
5 82
10 32
1 76
10 5
8 48
2 47
8 42
4 5
5 48
5 79
6 10
4 60
9 70
6 51
2 29
8 48
2 65
3 25
10 72
3 10
10 96
5 71
7 81
4 90
4 60
8 7
9 17
2 65
8 71
8 73
3 58
5 36
7 63
10 22
9 10
9 12
9 21
3 33
6 40
7 24
8 19
9 12
9 54
2 84
9 26
2 1
9 51
9 41
4 95
6 48
9 77
8 38
1 16
6 2
8 50
4 76
3 53
1 96
8 72
5 57
1 88
6 28
2 71
3 89
2 28
8 16
6 56
9 25
8 59
2 32
8 91
6 80
3 38
3 27
6 29
10 48
8 64
1 73
9 45
7 80
3 51
2 85
9 6
8 92
2 0
1 28
2 35
8 99
10 1
9 5
3 31
3 87
4 48
3 72
10 24
1 87
1 61
4 68
4 46
3 95
4 79
10 37
6 97
9 8
7 85
8 44
5 22
2 13
6 33
10 43
9 81
7 93
4 99
9 82
5 55
1 18
4 68
7 88
2 1
4 85
2 90
3 68
2 46
7 55
3 26
8 66
7 47
4 14
4 6
8 32
9 1
9 73
4 21
8 66
6 80
4 83
2 29
4 83
8 68
2 54
10 5
5 33
5 12
6 67
7 89
4 96
2 96
6 93
7 31
6 60
5 87
8 6
10 47
3 89
9 60
1 75
7 26
6 40
4 50
1 93
8 22
4 14
4 15
2 11
6 47
8 5
7 34
7 74
2 97
6 67
3 6
2 98
10 89
5 6
8 13
7 55
9 75
7 94
9 98
6 73
5 79
10 82
5 55
1 98
8 41
2 94
5 0
2 43
7 11
4 72
10 81
6 17
2 99
6 92
5 68
5 82
6 98
4 60
1 68
8 90
10 8
5 53
6 39
9 19
9 64
2 71
7 64
2 10
5 100
2 74
9 18
2 46
9 17
10 11
9 90
8 11
2 92
9 91
10 100
4 73
6 51
8 54
9 75
1 40
9 91
3 98
6 88
6 54
7 36
5 32
8 33
6 62
6 78
1 25
6 1
7 94
7 56
6 7
4 30
8 62
5 60
1 71
4 13
5 44
7 12
5 24
4 24
6 38
5 40
2 35
1 46
4 18
10 98
3 36
9 38
8 4
6 91
4 51
9 97
6 80
9 93
7 27
7 19
3 17
8 93
5 85
8 96
7 6
1 21
9 20
5 18
7 82
3 46
8 17
8 26
7 91
3 44
9 7
4 55
10 34
8 90
7 85
3 62
2 54
3 8
1 14
8 87
6 34
7 72
4 26
8 75
3 78
4 54
2 46
4 57
3 66
1 97
10 25
8 95
4 53
7 90
9 86
6 56
3 86
10 55
5 91
7 87
6 24
1 10
1 43
7 81
4 7
3 21
3 50
6 3
3 99
8 83
7 92
8 69
6 97
4 90
4 5
5 6
9 30
6 62
6 29
9 23
5 18
7 0
1 93
9 78
4 87
8 0
5 100
7 39
9 23
6 19
8 71
7 96
9 21
8 77
9 88
9 20
5 44
4 5
10 82
10 93
3 0
4 87
4 60
3 91
10 11
9 16
5 75
2 68
7 70
10 0
10 61
3 36
3 21
5 49
8 66
4 25
4 35
7 41
10 46
4 7
4 74
5 77
8 62
5 79
7 70
5 90
6 9
4 85
5 94
5 69
3 61
6 72
1 93
2 77
6 31
5 47
2 32
6 22
2 93
4 30
4 71
8 2
5 58
10 100
7 64
9 86
7 22
2 19
2 2
5 59
1 50
4 63
4 42
6 98
10 24
6 86
5 44
3 52
3 15
4 64
8 75
1 65
8 33
9 87
7 62
1 78
2 83
4 89
1 53
6 66
4 96
4 62
5 41
6 76
10 61
9 11
6 95
7 50
10 12
4 86
4 80
1 26
1 49
5 95
2 71
1 44
6 18
9 85
8 26
10 5
8 96
9 27
6 78
7 73
10 62
5 78
8 48
5 43
5 97
4 21
6 49
9 14
5 99
3 99
9 81
10 26
6 26
4 62
6 33
5 19
10 59
2 7
8 84
1 77
2 98
8 66
3 48
8 57
6 38
7 84
1 76
2 97
6 26
10 68
6 38
6 82
1 65
9 1
5 24
10 91
3 29
3 21
7 66
4 78
7 50
7 88
9 46
4 66
3 18
5 81
9 58
2 65
9 28
5 17
10 82
5 71
8 83
6 24
1 86
2 41
3 50
9 77
6 50
1 81
8 16
8 81
5 1
6 0
4 26
7 59
1 29
3 6
5 58
7 36
2 32
9 3
7 36
7 10
2 18
9 2
5 47
3 65
6 21
2 9
9 17
1 3
3 73
5 73
5 28
1 91
2 33
5 21
10 66
1 92
2 38
5 87
5 54
1 75
3 78
7 40
1 6
1 77
4 3
5 61
8 97
5 0
6 69
10 38
1 62
2 70
1 13
6 78
2 16
3 41
6 15
3 39
8 27
3 5
5 72
10 89
8 24
3 53
5 70
4 66
7 66
9 2
2 92
3 22
3 92
10 60
9 4
1 94
7 86
10 69
6 50
10 32
3 48
6 88
6 52
4 48
10 38
5 7
7 26
6 77
10 81
8 91
10 90
6 59
2 76
9 43
5 87
1 96
8 64
9 21
10 7
7 70
8 10
4 67
1 97
10 96
3 56
6 3
3 32
3 57
7 85
9 63
5 98
7 53
5 31
10 3
1 54
10 16
5 54
3 37
10 79
2 87
7 84
2 85
10 10
2 79
3 23
2 63
6 46
6 64
9 28
3 35
7 0
7 10
6 39
6 73
5 85
1 60
10 13
10 34
7 96
9 6
1 11
9 97
3 49
2 42
7 35
7 12
6 22
8 73
6 66
10 61
4 41
6 51
3 87
2 13
4 64
8 45
6 93
8 91
9 6
6 64
10 97
1 90
1 29
7 77
5 99
3 91
9 13
2 7
10 7
8 41
2 19
10 66
9 26
5 86
4 46
4 88
3 73
9 77
2 57
7 57
6 51
9 48
4 13
8 62
4 93
8 50
9 68
6 5
7 9
2 38
7 65
3 14
3 37
2 9
2 21
8 18
2 25
1 31
6 34
8 91
3 43
2 76
9 63
1 52
2 94
4 2
4 56
4 31
9 32
3 71
3 74
9 64
1 39
9 73
5 13
6 82
8 96
3 27
10 70
6 50
9 50
1 13
9 31
5 20
8 9
3 59
2 67
1 5
2 89
6 65
8 99
7 67
6 43
6 1
8 33
4 73
3 41
4 25
2 33
10 1
8 88
8 45
4 44
9 67
3 77
1 13
4 78
1 53
1 57
5 39
7 81
5 85
5 20
6 90
9 46
5 39
4 7
3 36
4 89
7 57
2 18
10 75
6 88
7 28
8 96
10 78
10 39
5 32
9 53
10 1
2 99
6 27
2 12
7 98
10 44
5 42
8 51
4 12
1 11
4 33
4 24
8 99
3 33
10 64
3 78
7 62
1 79
1 76
9 39
3 14
3 99
10 82
5 32
7 1
4 32
6 50
1 16
3 31
8 56
2 19
9 75
2 83
7 56
3 23
5 16
4 94
3 21
8 0
1 69
2 7
4 14
1 7
7 80
7 40
6 26
9 54
6 1
7 52
10 95
7 97
2 19
10 6
8 42
6 42
9 52
4 66
8 62
1 68
5 39
1 72
1 77
9 49
7 53
7 80
2 83
5 48
3 21
8 56
2 10
5 57
3 79
10 66
10 74
1 55
7 5
7 100
8 95
7 10
9 53
9 71
4 35
9 98
4 48
8 97
6 80
4 88
1 95
1 63
6 56
9 8
2 53
3 83
8 85
1 51
6 25
9 17
9 81
8 9
6 4
6 19
10 2
4 80
7 89
4 58
6 38
7 19
2 30
9 51
2 97
9 51
10 23
10 41
8 72
10 59
2 89
2 56
1 79
8 19
3 79
8 50
9 3
5 16
6 84
4 65
6 3
8 94
2 22
1 3
10 34
6 31
1 94
7 82
9 72
3 31
10 85
5 97
8 80
5 93
10 2
2 66
1 42
7 2
2 72
5 95
7 60
8 92
7 35
1 37
10 19
3 27
2 42
6 49
3 35
6 84
4 42
4 95
3 6
7 1
5 61
7 33
5 12
9 39
8 42
8 56
9 52
10 28
1 55
10 28
5 95
3 86
3 32
9 82
2 57
2 24
10 33
8 45
3 66
4 97
7 62
5 46
3 76
8 46
8 92
1 67
10 59
10 49
9 45
2 15
2 8
5 10
2 45
3 26
5 92
7 87
10 61
2 50
3 9
8 40
10 49
9 99
6 73
1 88
10 93
4 57
7 31
5 75
4 14
10 100
10 98
7 32
6 60
7 65
4 1
3 87
9 85
3 15
9 44
1 11
1 68
8 37
3 88
4 7
7 32
2 69
5 22
3 26
2 18
9 72
8 93
3 57
4 12
3 22
9 32
3 93
10 73
4 17
7 41
6 89
4 20
2 45
8 9
2 66
5 98
2 67
9 94
7 73
6 33
2 0
7 63
9 84
6 47
10 26
1 49
3 2
4 60
2 76
3 15
10 82
3 44
10 61
9 95
4 78
1 24
7 93
2 95
5 77
3 5
3 32
10 73
4 50
8 52
9 54
3 32
10 82
9 90
10 88
6 11
8 29
2 67
4 14
1 63
4 14
1 35
5 26
5 72
7 60
2 26
9 17
7 6
4 46
2 93
2 80
10 22
4 27
7 25
1 100
9 85
10 61
4 7
2 59
4 3
8 75
6 2
2 44
4 99
9 15
4 83
6 13
1 70
4 89
3 46
9 7
3 41
2 35
8 10
8 37
6 3
9 57
7 16
2 90
5 56
7 85
7 71
8 90
3 53
5 66
9 89
3 28
2 92
3 97
10 46
6 34
7 66
2 93
4 43
8 93
6 2
5 22
5 39
4 97
2 10
8 83
4 66
2 17
7 71
4 100
1 52
10 64
9 27
7 28
10 67
10 18
1 83
3 11
7 65
1 24
3 82
9 18
5 2
8 52
2 67
1 59
1 61
7 73
4 100
9 97
1 97
8 29
7 71
10 59
1 4
2 84
4 70
8 9
6 78
7 55
4 94
8 12
3 57
5 6
8 36
6 89
9 94
6 52
5 81
3 99
10 7
7 33
3 64
5 52
3 42
1 21
2 21
3 56
1 73
2 50
2 4
8 39
8 70
8 61
8 87
3 83
9 5
7 88
6 36
6 64
3 41
8 82
8 20
9 5
1 40
5 86
6 38
1 2
6 85
5 3
5 88
4 20
3 19
9 44
10 15
4 84
2 25
4 37
8 19
2 71
4 51
10 93
3 47
8 28
10 80
5 29
5 81
9 94
6 72
10 95
1 9
8 21
5 42
5 39
5 31
5 61
2 7
7 33
3 70
3 70
2 72
6 10
2 37
6 82
10 15
5 27
5 44
3 83
1 35
6 11
9 7
8 28
1 74
4 59
10 66
1 92
2 95
5 1
5 12
7 30
6 15
6 73
3 77
9 52
10 88
3 97
4 65
5 84
10 1
10 67
10 53
4 13
9 64
9 42
6 72
9 93
1 96
1 89
9 32
9 28
9 82
7 37
10 36
2 44
7 45
6 46
3 35
9 32
10 60
5 49
9 29
10 94
5 22
8 47
7 56
1 33
4 68
3 1
8 57
3 53
5 75
7 80
7 17
3 40
8 92
6 38
7 95
10 17
3 90
8 40
7 26
10 29
3 86
5 58
6 60
10 17
3 76
5 74
2 48
10 8
8 36
10 16
4 18
7 75
10 26
8 11
8 80
3 30
7 90
4 92
5 79
6 98
8 11
8 80
3 40
9 49
1 63
8 70
1 16
7 41
9 79
10 74
6 65
9 4
1 54
2 52
4 76
7 65
1 82
2 16
7 16
10 14
7 97
3 31
5 40
4 17
4 74
6 85
4 22
2 45
7 82
9 73
6 29
9 1
2 43
10 85
8 97
4 68
6 59
10 47
8 83
5 62
2 62
6 51
1 12
9 4
3 4
1 1
5 55
10 53
7 65
4 16
9 75
2 58
7 19
7 22
3 25
1 100
5 3
8 27
8 23
3 7
1 18
8 72
5 13
8 13
3 98
9 35
10 74
6 98
7 64
7 77
3 39
2 87
2 87
8 10
2 21
9 31
4 11
3 99
4 88
10 12
1 78
10 20
9 34
7 33
5 40
9 52
6 11
3 51
9 86
4 47
2 11
7 58
6 58
1 32
8 33
10 33
10 0
3 70
2 74
8 24
1 43
2 75
3 68
3 7
7 97
7 49
4 7
7 90
1 92
1 83
10 68
5 6
9 36
10 3
5 48
9 6
2 7
5 56
6 88
7 80
8 9
4 87
1 70
2 63
3 35
3 43
5 95
10 5
6 30
3 32
10 39
2 54
7 93
3 37
10 34
5 84
8 86
6 35
7 14
3 78
8 2
7 84
7 91
9 28
7 72
9 57
6 49
3 61
3 71
7 33
6 0
7 50
3 29
4 96
4 93
10 22
7 1
10 78
9 77
8 91
6 26
6 51
10 42
4 86
10 16
6 5
10 99
1 54
7 72
10 86
8 59
1 6
8 72
9 27
7 55
9 60
7 38
8 47
4 20
2 3
1 78
7 47
3 3
7 72
5 72
4 0
9 39
2 20
3 94
4 99
9 28
5 17
6 9
6 79
8 52
1 33
4 65
7 63
2 77
6 48
2 51
2 73
9 4
1 82
4 72
6 20
3 39
3 31
8 0
7 12
10 95
1 31
3 32
3 21
9 27
5 58
1 77
5 6
2 64
7 17
6 59
9 5
1 42
1 26
7 76
8 83
5 73
4 56
3 15
3 74
6 3
5 7
9 66
7 68
7 81
8 100
9 84
9 26
9 19
4 76
2 29
4 40
5 45
6 49
4 82
9 73
7 44
5 55
3 12
6 47
5 55
1 79
8 44
5 0
1 20
1 8
10 20
1 21
4 15
5 13
4 81
9 7
6 61
7 83
8 69
9 40
10 73
6 87
8 69
5 41
7 96
3 91
3 77
10 28
8 47
9 16
2 97
4 52
1 92
1 23
7 86
2 89
5 27
9 51
2 43
2 18
7 25
7 82
1 2
6 70
9 79
7 57
1 1
3 56
3 87
8 79
8 24
5 87
10 25
2 85
2 26
4 75
6 20
9 69
3 0
3 44
9 59
1 34
2 38
5 23
1 94
8 21
9 11
1 95
10 35
9 96
2 70
7 49
1 33
4 92
9 0
3 87
4 72
9 31
1 56
9 55
6 77
8 49
1 50
5 23
10 9
4 73
7 61
3 2
1 67
8 2
5 33
1 50
6 33
4 7
8 9
7 14
2 0
8 74
10 46
5 64
8 55
1 8
4 35
6 99
4 13
6 99
1 84
9 5
10 36
3 21
2 56
4 64
5 66
5 88
8 45
5 73
6 59
6 14
4 42
5 6
2 43
9 36
8 65
2 78
1 48
10 52
7 53
10 18
9 45
2 68
9 43
3 13
5 18
10 35
3 2
4 65
7 27
9 53
6 98
1 64
8 57
3 1
6 27
2 85
8 54
7 58
7 3
9 54
1 23
5 11
6 59
8 27
9 91
8 30
6 42
6 62
1 94
5 8
7 5
8 63
4 16
6 91
6 84
3 80
9 49
2 69
8 63
2 96
1 29
7 13
10 56
5 68
1 38
1 17
4 6
6 44
10 82
6 8
5 64
2 5
10 52
7 3
6 36
1 52
1 25
7 45
5 42
5 75
8 78
5 86
5 81
1 69
4 46
9 26
2 63
9 39
2 75
3 0
8 70
3 31
2 16
8 81
10 57
1 8
6 18
7 42
9 82
8 19
9 43
10 57
8 97
5 8
8 93
9 66
1 63
10 2
5 44
2 7
8 58
8 29
9 43
10 96
10 31
8 97
6 63
5 54
2 30
6 81
8 80
8 53
6 58
1 49
9 82
4 1
5 10
6 16
5 65
3 54
6 8
9 95
6 42
9 69
7 86
9 90
4 57
10 47
3 2
8 17
7 93
6 60
4 89
1 61
8 15
1 92
9 86
4 21
5 89
8 76
4 51
5 69
3 77
2 4
8 58
7 86
2 27
3 64
1 65
8 6
7 71
5 55
6 35
3 90
8 32
6 85
9 23
2 52
1 18
1 16
2 25
5 21
1 3
4 3
7 43
5 29
3 23
8 15
7 29
6 44
8 93
4 74
3 82
4 43
3 93
6 15
6 100
10 80
4 39
3 65
9 2
5 9
6 28
4 82
9 62
7 27
4 5
8 100
7 72
4 53
5 93
6 26
2 62
7 86
3 31
5 91
10 94
10 54
4 73
7 97
5 38
1 39
1 29
4 4
1 57
1 74
7 96
7 63
4 12
6 23
7 6
10 19
8 41
4 28
8 12
3 99
5 31
1 89
1 70
2 69
4 52
8 40
6 21
7 15
1 7
9 77
10 27
10 34
9 1
1 87
8 73
6 89
6 8
4 38
4 75
3 63
9 44
5 48
7 89
10 14
3 45
2 49
1 88
6 87
8 78
7 49
3 16
10 34
4 76
6 78
2 9
2 18
1 36
10 62
3 94
7 47
1 8
1 6
4 37
9 46
4 35
8 71
1 42
6 18
3 91
5 61
3 33
1 97
8 1
1 36
3 51
10 62
10 7
1 94
6 9
9 39
10 78
8 80
4 63
7 85
1 58
8 33
2 79
8 18
1 79
8 89
1 94
8 63
3 86
8 52
2 93
7 3
4 20
8 92
7 1
1 91
7 60
1 63
7 17
3 22
9 97
5 13
4 76
9 31
3 0
10 93
2 93
9 61
8 68
1 31
2 81
1 23
3 91
10 83
9 17
3 12
9 22
4 77
9 49
2 21
9 61
10 99
9 39
5 88
10 100
1 58
2 43
5 6
10 0
8 28
9 46
5 62
6 37
3 78
3 66
3 95
6 92
7 83
8 64
8 13
3 78
8 96
8 52
5 87
1 78
8 52
5 83
5 67
2 11
5 65
4 82
1 14
10 37
4 43
2 6
5 0
3 24
1 9
10 40
1 95
5 97
5 52
9 74
6 52
8 37
3 99
2 67
4 5
1 91
1 52
4 69
1 49
6 79
2 70
4 86
8 64
7 36
9 9
8 16
9 68
5 38
4 92
4 81
1 6
10 98
7 8
8 33
5 53
1 59
9 30
10 65
8 53
3 54
2 63
3 1
7 10
2 93
3 14
8 51
3 17
6 64
5 100
4 78
8 54
1 95
1 60
4 33
5 3
3 5
8 69
6 94
8 34
3 33
7 18
10 9
9 82
5 11
5 14
2 48
5 89
5 2
2 14
4 50
6 78
3 84
1 41
7 30
2 52
7 58
9 90
9 35
4 10
10 74
5 53
5 12
2 63
5 20
5 95
10 20
9 71
2 94
6 80
6 48
4 24
6 33
3 2
8 60
3 13
9 74
10 21
8 84
10 71
7 20
3 8
9 74
2 5
6 100
1 100
6 70
2 67
1 34
5 7
3 21
7 52
10 56
5 26
6 89
7 79
1 30
3 11
8 58
3 58
1 62
8 8
5 55
4 10
3 19
7 40
6 84
7 24
8 85
4 71
5 4
9 37
10 87
2 81
3 32
6 84
10 45
9 56
7 74
2 37
9 29
2 62
2 56
7 60
4 48
6 81
9 82
5 55
6 12
7 90
10 14
10 77
8 28
2 100
7 10
2 21
8 26
9 60
8 83
3 15
4 33
1 75
4 52
6 7
8 73
5 39
7 59
10 46
5 44
3 49
10 27
9 22
4 36
3 75
4 92
7 41
3 79
10 92
7 28
6 51
9 7
8 26
6 33
6 98
5 34
7 70
8 43
2 76
10 80
6 46
8 87
4 2
6 72
4 85
2 45
2 14
6 73
2 29
7 33
6 3
9 69
2 36
3 44
10 33
3 64
6 19
10 80
9 86
1 95
3 48
4 43
9 55
4 6
1 68
4 81
9 99
6 23
7 90
1 83
8 75
3 9
6 23
1 32
9 97
7 76
2 52
2 35
7 40
9 23
7 26
2 2
4 49
1 67
1 32
9 54
4 30
1 15
5 46
5 39
8 71
7 6
7 43
3 81
4 90
6 61
7 88
10 82
9 54
1 81
8 40
9 29
2 79
2 80
9 94
5 11
7 71
8 81
6 49
6 47
5 61
8 20
3 66
3 83
1 78
4 49
7 72
9 12
7 34
2 96
3 57
4 61
8 77
7 9
4 22
6 32
3 65
10 91
2 94
10 29
4 71
3 72
5 97
6 4
6 45
2 46
8 73
10 16
10 72
4 86
4 51
2 72
3 83
4 73
2 32
10 41
5 67
3 1
8 7
6 88
8 75
5 33
10 76
3 74
4 35
6 40
10 77
2 94
3 85
7 18
6 56
2 35
5 98
9 33
8 29
6 56
1 60
10 49
8 31
10 100
6 61
1 18
2 46
9 88
2 92
9 71
4 47
1 43
10 20
7 15
8 69
6 52
4 86
6 100
3 71
9 77
7 72
8 80
4 22
2 71
6 14
7 22
4 60
1 92
9 39
4 9
1 93
1 23
9 13
10 42
6 73
8 50
3 79
3 35
3 72
5 0
8 13
3 39
8 34
5 8
1 72
4 55
5 68
8 10
6 41
7 10
8 69
10 94
10 2
1 7
3 40
9 14
1 32
8 74
6 44
2 54
4 70
2 29
7 12
3 28
3 81
1 25
10 12
6 2
3 99
3 70
6 57
9 39
9 61
4 37
9 58
1 45
4 12
10 19
6 5
1 2
6 31
10 12
1 25
10 51
6 5
7 43
5 37
7 89
6 81
10 34
7 33
1 49
5 9
5 88
1 11
1 98
5 14
2 98
6 17
10 44
7 27
3 61
5 52
6 2
10 87
2 15
4 43
2 76
2 8
3 9
9 19
10 79
9 21
5 89
5 68
3 75
3 38
4 13
2 87
7 84
4 70
4 76
7 46
6 42
9 29
2 83
4 86
1 13
8 36
9 42
4 13
4 92
4 1
1 83
3 19
10 67
6 1
4 31
2 94
7 28
9 13
8 58
2 74
1 12
4 20
1 46
8 96
3 87
7 19
4 98
10 55
10 13
6 38
1 25
3 95
3 48
9 39
8 86
10 17
10 10
1 81
6 13
10 30
9 4
2 27
4 26
3 51
4 85
7 25
4 5
3 79
10 80
6 54
6 46
3 78
6 3
4 10
4 22
5 67
10 85
1 40
9 67
9 71
5 54
4 61
5 84
8 77
9 11
3 100
1 74
3 71
10 54
8 47
10 80
1 81
6 8
5 52
6 74
9 42
8 32
8 19
6 93
10 10
3 76
6 11
5 86
6 33
1 51
8 83
7 27
8 9
3 66
2 97
5 87
5 41
9 62
8 29
9 63
10 19
2 13
1 29
9 84
9 97
5 24
9 38
9 11
9 98
4 87
8 65
8 18
8 53
7 85
7 45
4 1
2 52
5 74
6 8
3 49
2 76
4 45
1 82
4 13
2 96
10 70
8 2
1 84
1 38
9 46
6 45
9 26
8 38
3 77
1 69
7 52
9 2
5 74
4 7
5 26
8 1
5 94
6 0
8 22
8 41
4 53
2 9
3 11
10 18
4 53
9 4
1 13
8 22
8 95
4 88
4 28
6 40
1 63
2 32
5 10
3 78
3 16
4 96
2 22
5 5
10 17
1 91
10 82
9 81
2 32
10 90
1 46
6 63
8 32
1 86
9 26
2 57
6 44
6 88
1 68
1 79
1 85
6 76
3 97
5 6
6 74
9 72
5 86
2 68
9 2
3 9
3 76
6 97
2 30
2 76
4 30
3 36
2 49
8 34
2 57
1 43
5 34
4 88
10 58
1 0
2 7
3 71
7 77
8 54
1 63
2 79
8 0
8 53
6 69
9 60
6 55
3 10
5 20
3 45
9 17
10 80
7 81
1 59
2 61
6 23
1 6
7 11
3 46
3 86
10 96
4 98
8 96
4 62
4 42
1 36
4 24
8 41
9 14
3 46
1 9
3 95
9 8
7 71
1 77
4 59
1 81
7 83
4 29
10 17
6 64
7 10
1 8
5 5
1 87
4 10
9 96
5 92
1 40
9 87
3 3
10 53
8 16
4 38
4 18
7 80
4 76
2 23
8 13
3 35
10 26
7 89
2 95
4 17
9 96
6 67
9 94
2 61
3 7
1 24
9 29
4 13
9 72
7 16
1 11
4 50
7 9
1 64
10 56
8 100
10 33
4 78
5 2
5 78
1 18
10 77
8 84
9 45
8 58
3 54
3 81
4 74
2 1
1 28
3 52
4 1
6 82
7 88
7 29
7 3
3 34
3 72
6 47
3 34
9 100
4 15
7 4
2 5
1 4
3 70
5 22
7 17
2 70
7 16
2 13
1 12
1 89
9 26
4 43
8 92
7 63
9 32
6 72
1 14
8 72
6 36
8 74
2 15
1 64
9 98
1 89
3 5
10 16
2 99
3 8
8 51
1 85
7 63
4 63
5 48
8 26
7 84
1 62
2 86
6 88
7 88
3 48
4 13
1 58
5 68
10 87
2 21
7 59
2 74
4 74
2 71
7 53
5 42
1 36
2 4
4 32
9 32
1 65
5 86
10 76
4 22
4 88
4 86
10 79
4 43
5 83
4 30
1 16
6 62
3 70
8 64
5 86
3 65
2 85
10 67
3 28
4 51
1 20
8 39
3 84
6 94
4 35
2 66
2 22
6 16
3 60
6 95
3 70
10 58
5 17
9 28
3 4
6 12
6 9
6 21
1 22
5 62
9 59
3 24
8 43
1 43
9 57
3 24
9 72
2 31
9 35
7 59
1 7
3 62
3 1
1 86
5 51
10 8
6 27
2 72
2 3
3 50
1 40
6 82
7 75
1 2
3 22
10 4
6 16
1 49
2 80
10 12
10 23
2 3
2 80
4 65
9 93
8 37
5 52
3 17
1 48
8 84
4 88
10 93
8 88
3 56
3 25
3 57
7 78
9 26
3 68
5 8
4 72
5 45
6 98
2 22
2 62
7 40
1 20
4 56
1 1
4 80
9 12
7 21
10 53
9 63
1 78
4 52
7 4
5 6
2 46
6 67
4 65
9 34
2 43
3 53
9 14
7 20
1 33
9 35
2 90
3 52
9 27
6 91
7 27
2 79
5 33
9 11
4 2
8 95
5 80
9 17
3 69
8 91
2 47
8 71
1 66
6 96
4 31
9 50
8 33
4 5
8 1
9 56
8 100
10 85
5 52
4 48
10 29
3 36
6 84
5 83
7 52
7 93
10 54
2 14
4 6
9 48
5 85
8 99
10 90
8 69
9 36
9 33
1 44
10 47
9 11
9 27
7 77
9 22
5 36
7 9
10 84
10 38
2 8
8 18
4 7
7 23
9 58
2 70
10 63
10 8
1 17
2 97
3 97
3 22
3 19
9 18
7 55
9 56
3 60
10 82
4 10
8 97
2 57
2 79
7 33
3 4
6 70
6 72
5 9
7 83
8 95
9 17
5 31
8 99
5 1
5 7
3 34
8 58
6 27
8 70
9 85
3 87
6 14
5 94
3 79
6 59
5 71
8 57
10 75
1 68
6 80
9 43
10 51
8 62
1 5
9 47
9 43
9 94
1 38
3 35
10 91
1 3
8 59
4 59
5 91
10 91
4 45
6 46
2 4
5 92
2 25
9 43
9 53
7 49
8 5
1 2
6 39
2 99
6 80
5 18
2 54
5 39
9 67
1 82
9 30
4 36
3 47
3 6
7 59
8 83
3 92
4 16
7 78
2 67
7 22
4 7
7 74
10 91
5 0
7 0
5 38
5 66
1 69
3 79
4 38
3 39
10 81
7 91
8 84
10 5
2 12
8 21
1 76
5 39
10 64
1 3
8 25
6 32
4 46
3 87
10 0
4 16
7 84
2 99
9 13
8 10
4 9
6 85
9 31
3 45
8 99
1 97
2 84
1 28
7 89
7 13
4 21
2 31
1 42
9 41
7 89
5 57
6 34
4 77
9 87
8 36
8 12
2 46
6 5
9 90
2 48
1 74
7 41
9 39
8 66
10 28
8 23
8 86
10 27
10 34
4 1
5 49
9 26
7 59
7 43
5 4
2 50
3 35
2 74
10 43
1 7
6 100
5 10
3 73
8 26
2 48
4 73
3 95
1 87
4 61
10 42
1 75
2 93
3 54
10 46
4 67
8 89
5 43
3 92
7 1
3 69
10 53
9 8
10 95
10 27
7 85
6 70
6 18
9 55
7 85
7 35
8 28
7 11
4 35
8 66
6 41
2 95
5 32
3 66
8 42
1 19
7 55
4 63
7 50
5 64
9 18
8 37
9 91
8 81
6 62
5 4
10 69
10 3
7 35
9 22
8 40
4 71
9 25
5 64
9 99
4 21
9 92
10 57
5 53
7 68
5 28
6 74
4 35
8 23
8 16
9 2
3 9
8 28
9 57
5 7
1 65
6 87
2 34
8 54
6 23
10 57
1 73
1 20
5 92
8 61
2 57
6 68
1 22
3 91
7 1
1 28
5 88
4 55
6 53
3 97
1 75
4 40
6 23
3 3
3 96
2 31
8 38
10 40
8 62
5 66
1 78
3 50
9 88
5 71
10 24
6 46
5 87
6 26
8 59
7 3
3 95
2 46
7 32
4 64
3 3
4 27
7 13
8 71
3 60
9 78
3 55
1 36
1 69
7 20
8 14
10 26
10 13
1 67
8 40
8 48
7 67
3 93
1 28
3 27
9 35
4 44
4 2
1 8
3 94
9 64
5 59
7 84
5 5
10 86
10 93
1 47
1 31
10 7
5 85
3 39
7 76
2 9
1 59
3 99
2 8
3 97
7 71
4 3
5 23
8 41
4 64
4 1
1 91
10 73
4 49
9 64
3 89
6 3
4 52
9 100
3 12
6 53
10 60
5 65
8 35
7 37
3 44
6 30
9 29
4 69
1 9
8 11
6 4
2 66
4 56
3 82
9 33
5 39
8 98
9 48
2 62
8 43
10 88
4 65
7 37
6 65
7 30
1 31
3 38
5 78
9 37
4 52
10 91
8 15
7 28
2 91
6 25
5 16
10 46
6 40
10 91
8 79
1 24
3 10
2 3
5 92
10 53
9 38
5 47
6 37
9 39
5 68
8 14
4 27
7 88
3 70
8 94
2 29
5 27
1 100
8 45
3 10
5 96
3 5
4 63
10 66
7 90
9 15
1 2
3 21
2 14
7 48
4 37
4 84
1 30
6 89
5 14
6 31
3 75
2 15
3 0
6 91
7 13
9 49
9 39
9 83
4 10
2 86
5 46
6 20
1 92
5 32
8 55
9 83
3 44
4 40
9 61
2 38
1 0
5 50
1 75
8 58
4 42
9 34
5 62
10 63
7 3
7 61
6 82
10 51
10 34
9 93
3 60
2 23
4 64
6 30
8 98
10 63
10 64
5 28
10 5
1 13
2 62
2 91
5 85
5 88
6 69
8 36
6 16
7 71
6 60
9 47
9 7
1 30
2 70
7 20
8 38
8 69
5 6
6 99
3 1
3 78
8 87
3 39
1 27
1 43
2 28
8 66
1 75
2 87
10 81
3 51
1 17
10 42
4 40
8 41
4 53
4 100
2 69
6 69
3 95
9 14
10 39
3 93
10 48
7 28
8 19
6 8
6 33
2 96
4 21
1 15
4 47
3 11
10 39
6 71
4 41
3 2
5 9
6 63
3 26
10 23
1 72
4 44
1 43
10 77
4 30
8 3
9 22
1 68
1 16
9 100
5 23
4 54
7 18
5 60
8 49
6 13
6 19
4 18
5 60
1 88
8 70
2 92
2 82
2 61
6 15
3 11
7 96
5 21
1 61
6 52
4 62
7 73
5 45
6 91
8 53
9 92
2 3
7 28
3 22
5 11
4 51
1 90
9 23
3 53
9 68
3 9
4 83
3 81
4 24
5 20
1 35
9 57
6 67
8 43
6 80
2 82
2 96
7 4
9 23
1 55
8 94
6 53
4 58
6 64
10 75
3 74
10 74
1 11
5 57
8 57
6 52
10 97
1 24
7 26
5 64
9 54
10 77
6 18
10 13
4 21
10 98
