40
3 2 100
3 5 7
4 8 16
1 20 5 2
10 61 119
4680 6120 4 4320 2520 30 3600 20 3 2
10 2 10000
1 5 7 15 6 30 10 11 3 2
5 7043 8758
8320 4714 9319 2620 1439
100 2 10000
308 297 583 286 33 22 737 517 495 253 1089 418 528 154 1012 187 132 880 121 990 451 792 242 1001 319 462 165 396 484 143 748 44 891 781 682 649 968 352 1023 66 176 726 550 77 759 506 935 1056 572 429 693 341 110 1045 836 440 330 594 385 605 1078 275 715 264 55 704 539 627 814 1111 979 99 770 902 803 473 638 858 946 198 363 1100 231 1034 209 407 924 825 88 869 616 847 1067 374 660 957 671 913 220 561
5 7413 8188
9059 431 2327 1008 2838
7 5 10000
9726 9678 9762 9942 9822 9714 9978
5 6356 6902
8246 6177 4797 8883 6773
10 2 10000
1 15 10 11 6 2 2310 7 3 5
5 8703 9844
6157 5200 5161 9028 2998
10 8251 9901
75 55 66 110 825 330 550 275 165 150
5 8769 9595
1702 4831 6560 6927 7015
100 1 10000
6274 8999 3962 8722 4087 9810 3239 2000 6609 4372 6423 9942 6010 2550 74 3662 6272 2921 7102 5464 9663 4560 8466 9951 2233 2801 9177 5706 5278 7780 4437 4581 6888 2320 7857 1268 1341 7050 8491 6193 9694 1180 2237 6064 8317 8453 786 7510 7415 8767 175 8442 3158 1893 9087 8343 3301 1964 6426 9444 4003 7208 6730 3901 8518 6925 2535 6962 839 554 2606 2284 2201 9263 3944 4114 7982 9299 5388 9645 2118 62 1141 8564 5597 8498 8063 1243 1533 202 3796 2353 9546 1824 6331 131 9946 8058 187 1092
3 2 50
3 5 75
5 4833 9413
8988 3660 6426 2843 5475
50 2 10000
2 21 16 45 112 1008 7 10 252 180 14 420 120 240 336 630 1680 42 56 560 210 4 15 24 63 48 90 1260 2520 28 35 1 12 60 360 6 840 36 168 5 720 70 140 5040 280 40 126 144 504 315
51 4499 8995
8996 8996 8996 4498 4498 4498 4498 8996 4498 8996 8996 8996 4498 8996 4498 4498 8996 8996 4498 4498 8996 4498 8996 8996 4498 4498 8996 8996 8996 4498 8996 8996 4498 4498 8996 4498 4498 8996 4498 8996 8996 8996 4498 4498 8996 8996 4498 4498 4498 8996 4498
5 7282 8218
5598 9587 7413 5527 7501
6 2 10000
9929 9931 9973 9941 9967 9949
51 691 1380
4140 4140 138 4140 4140 138 4140 138 138 4140 138 4140 4140 138 4140 4140 4140 4140 138 138 138 138 4140 4140 138 138 4140 138 138 4140 4140 4140 138 138 138 138 138 4140 138 4140 4140 138 138 4140 138 138 4140 4140 138 4140 4140
5 6875 9565
4247 6480 8087 5261 893
5 9652 9878
252 355 567 9104 8347
5 4278 4600
9719 6240 7098 3944 1695
5 628 5751
7382 6419 8594 2038 1688
5 2 10000
1 1 8633 8633 1
5 2596 6983
2847 5680 7190 185 3721
5 971 4191
3692 9590 5716 1191 8961
5 5328 9731
9059 9178 3642 9055 7731
13 1 10000
7698 4199 6871 6726 9911 4040 2357 9696 3926 2829 8606 9522 5692
2 5001 10000
2500 5000
5 7322 9859
2888 252 4999 3183 1028
5 2619 9281
8826 5941 3947 8896 6278
10 61 119
60 7200 4320 1440 5040 8 6 2160 40 2
5 485 3763
1052 6880 4144 573 1602
4 2 10000
3 49 4 17
5 4896 7110
7328 8855 793 5811 5532
5 666 1500
4402 9995 3063 5214 9067
5 6407 9819
2908 6417 752 979 9250
100 15 42
4956 2940 5502 4284 2310 8148 3360 5418 462 3990 6216 2562 588 8316 2142 7266 7896 2352 3150 9702 3318 8064 1764 9534 4746 1890 4242 9492 1386 7980 6762 8736 9030 8778 7518 6972 2772 2436 2856 8820 1428 2982 2604 7140 7644 4872 8652 5124 6930 4998 5754 3528 546 3654 9198 8274 1722 3024 5040 5670 2100 798 924 4704 882 1218 3570 1512 756 4494 7392 2814 1470 5082 9744 4914 2646 2688 5628 6300 1638 2058 7686 2898 7182 9870 7098 8904 1932 8946 7224 8106 3066 8190 8232 5166 1680 6258 3612 8400
